100 100 10
1 101
1 108
1 110
1 111
1 113
1 114
1 117
1 118
1 119
1 120
1 121
1 123
1 125
1 126
1 127
1 128
1 133
1 134
1 136
1 137
1 138
1 139
1 141
1 145
1 147
1 148
1 149
1 150
1 151
1 152
1 153
1 156
1 159
1 161
1 164
1 165
1 166
1 167
1 168
1 169
1 170
1 171
1 172
1 173
1 175
1 183
1 184
1 185
1 187
1 188
1 189
1 192
1 193
1 194
1 195
1 200
2 103
2 106
2 107
2 112
2 113
2 115
2 116
2 117
2 118
2 119
2 120
2 122
2 124
2 127
2 129
2 131
2 133
2 135
2 139
2 145
2 147
2 154
2 155
2 157
2 161
2 167
2 169
2 171
2 175
2 178
2 179
2 181
2 183
2 186
2 187
2 189
2 190
2 192
2 193
2 195
2 196
2 199
2 200
3 102
3 105
3 106
3 107
3 110
3 117
3 119
3 120
3 121
3 122
3 123
3 124
3 125
3 126
3 131
3 133
3 135
3 136
3 138
3 141
3 142
3 145
3 146
3 147
3 148
3 149
3 152
3 154
3 159
3 160
3 162
3 165
3 167
3 169
3 170
3 171
3 174
3 175
3 176
3 178
3 181
3 182
3 183
3 185
3 186
3 189
3 193
3 196
3 197
3 198
3 200
4 101
4 102
4 103
4 104
4 105
4 106
4 108
4 109
4 110
4 111
4 113
4 114
4 116
4 118
4 119
4 120
4 123
4 124
4 125
4 128
4 129
4 131
4 139
4 146
4 147
4 149
4 152
4 154
4 156
4 157
4 160
4 161
4 164
4 171
4 172
4 174
4 175
4 181
4 182
4 184
4 185
4 187
4 189
4 197
4 198
4 199
5 101
5 105
5 106
5 107
5 113
5 115
5 117
5 118
5 120
5 121
5 123
5 124
5 127
5 128
5 130
5 132
5 134
5 135
5 136
5 137
5 138
5 139
5 140
5 141
5 142
5 145
5 146
5 147
5 149
5 150
5 152
5 154
5 156
5 158
5 160
5 162
5 164
5 169
5 172
5 175
5 176
5 177
5 178
5 179
5 180
5 181
5 185
5 187
5 188
5 189
5 190
5 191
5 192
5 194
5 197
5 198
6 104
6 105
6 107
6 110
6 111
6 112
6 113
6 114
6 115
6 116
6 118
6 121
6 122
6 126
6 127
6 128
6 130
6 134
6 136
6 138
6 141
6 142
6 143
6 144
6 146
6 147
6 149
6 152
6 158
6 164
6 166
6 168
6 169
6 170
6 171
6 172
6 174
6 176
6 178
6 179
6 180
6 183
6 184
6 191
6 192
6 194
6 196
6 199
7 102
7 103
7 104
7 105
7 107
7 108
7 109
7 110
7 112
7 115
7 116
7 119
7 122
7 123
7 124
7 126
7 129
7 130
7 132
7 136
7 137
7 138
7 145
7 146
7 149
7 152
7 153
7 154
7 156
7 157
7 159
7 161
7 162
7 164
7 165
7 167
7 169
7 170
7 171
7 174
7 175
7 177
7 179
7 181
7 183
7 184
7 185
7 186
7 189
7 191
7 192
7 193
7 194
7 195
7 198
8 101
8 103
8 104
8 105
8 107
8 108
8 109
8 112
8 114
8 116
8 117
8 120
8 121
8 122
8 123
8 128
8 129
8 130
8 131
8 135
8 136
8 137
8 144
8 145
8 146
8 153
8 155
8 156
8 158
8 159
8 160
8 162
8 171
8 172
8 174
8 175
8 176
8 177
8 179
8 182
8 183
8 185
8 190
8 191
8 194
8 195
8 197
8 200
9 104
9 107
9 109
9 111
9 113
9 115
9 116
9 118
9 119
9 121
9 123
9 127
9 129
9 130
9 132
9 133
9 134
9 135
9 136
9 137
9 138
9 139
9 140
9 142
9 144
9 145
9 151
9 152
9 154
9 157
9 158
9 159
9 160
9 161
9 162
9 164
9 165
9 169
9 170
9 171
9 173
9 176
9 177
9 178
9 179
9 182
9 183
9 184
9 186
9 187
9 188
9 191
9 192
9 193
9 194
9 195
9 197
9 200
10 102
10 106
10 108
10 109
10 110
10 111
10 113
10 114
10 116
10 118
10 122
10 125
10 131
10 132
10 133
10 137
10 138
10 139
10 142
10 143
10 144
10 145
10 146
10 147
10 148
10 149
10 151
10 152
10 154
10 155
10 157
10 159
10 161
10 163
10 166
10 172
10 177
10 178
10 179
10 181
10 187
10 188
10 189
10 193
10 196
10 198
11 103
11 104
11 105
11 106
11 107
11 112
11 113
11 116
11 122
11 127
11 128
11 131
11 132
11 133
11 134
11 138
11 139
11 142
11 145
11 149
11 151
11 153
11 154
11 156
11 157
11 158
11 160
11 163
11 164
11 166
11 169
11 170
11 173
11 176
11 180
11 181
11 182
11 183
11 184
11 188
11 191
11 193
11 198
12 104
12 105
12 106
12 107
12 109
12 110
12 111
12 119
12 126
12 127
12 129
12 130
12 134
12 135
12 139
12 141
12 143
12 145
12 146
12 148
12 149
12 150
12 154
12 155
12 157
12 158
12 159
12 160
12 164
12 165
12 167
12 169
12 170
12 173
12 175
12 178
12 179
12 181
12 182
12 183
12 185
12 186
12 187
12 188
12 189
12 192
12 193
12 194
12 197
12 200
13 101
13 106
13 108
13 110
13 112
13 116
13 119
13 120
13 123
13 124
13 126
13 129
13 131
13 133
13 134
13 135
13 136
13 137
13 140
13 143
13 146
13 149
13 153
13 156
13 157
13 159
13 160
13 162
13 163
13 164
13 166
13 167
13 169
13 170
13 171
13 174
13 175
13 176
13 178
13 180
13 182
13 187
13 189
13 190
13 191
13 193
13 194
13 195
13 197
13 199
14 101
14 102
14 103
14 106
14 107
14 108
14 109
14 112
14 113
14 114
14 117
14 118
14 122
14 123
14 125
14 126
14 128
14 129
14 130
14 131
14 133
14 136
14 141
14 142
14 146
14 147
14 149
14 153
14 154
14 155
14 156
14 159
14 160
14 161
14 162
14 167
14 169
14 174
14 178
14 180
14 181
14 183
14 185
14 186
14 187
14 190
14 192
14 193
14 195
14 197
14 198
14 200
15 101
15 102
15 107
15 108
15 110
15 114
15 116
15 120
15 121
15 122
15 123
15 124
15 129
15 131
15 132
15 133
15 135
15 137
15 138
15 140
15 142
15 143
15 145
15 146
15 147
15 149
15 150
15 151
15 153
15 155
15 156
15 157
15 159
15 160
15 161
15 163
15 164
15 165
15 166
15 167
15 169
15 171
15 172
15 173
15 179
15 180
15 181
15 183
15 186
15 187
15 189
15 192
15 193
15 195
15 197
16 101
16 105
16 107
16 109
16 110
16 114
16 115
16 116
16 120
16 121
16 123
16 126
16 127
16 129
16 130
16 131
16 133
16 134
16 137
16 138
16 140
16 143
16 144
16 145
16 146
16 147
16 148
16 149
16 152
16 154
16 155
16 156
16 157
16 159
16 160
16 163
16 165
16 168
16 171
16 172
16 173
16 174
16 177
16 178
16 179
16 180
16 185
16 186
16 187
16 188
16 191
16 194
16 195
16 198
16 199
16 200
17 101
17 102
17 103
17 104
17 105
17 106
17 109
17 111
17 116
17 117
17 120
17 121
17 124
17 126
17 128
17 129
17 130
17 131
17 133
17 134
17 135
17 141
17 145
17 147
17 149
17 150
17 151
17 154
17 159
17 166
17 168
17 169
17 171
17 172
17 173
17 174
17 175
17 176
17 180
17 181
17 182
17 185
17 187
17 188
17 190
17 191
17 192
17 195
18 101
18 102
18 103
18 104
18 105
18 107
18 111
18 113
18 115
18 117
18 119
18 120
18 122
18 124
18 126
18 127
18 128
18 129
18 130
18 132
18 134
18 135
18 139
18 140
18 144
18 149
18 151
18 152
18 156
18 157
18 158
18 163
18 166
18 167
18 169
18 170
18 171
18 173
18 174
18 176
18 180
18 181
18 182
18 188
18 190
18 192
18 193
18 194
18 199
19 105
19 107
19 108
19 109
19 111
19 116
19 118
19 119
19 121
19 124
19 125
19 126
19 127
19 128
19 132
19 133
19 134
19 137
19 139
19 141
19 142
19 143
19 145
19 153
19 155
19 157
19 160
19 162
19 163
19 164
19 165
19 166
19 169
19 172
19 175
19 178
19 179
19 184
19 185
19 189
19 190
19 191
19 193
19 194
19 195
19 200
20 101
20 102
20 105
20 106
20 108
20 109
20 116
20 118
20 121
20 124
20 125
20 126
20 127
20 130
20 131
20 133
20 135
20 137
20 138
20 139
20 143
20 144
20 145
20 147
20 148
20 150
20 151
20 152
20 155
20 156
20 157
20 158
20 159
20 160
20 161
20 162
20 164
20 165
20 166
20 167
20 171
20 172
20 173
20 174
20 175
20 177
20 181
20 183
20 188
20 191
20 192
20 193
20 194
20 195
20 196
20 197
20 200
21 101
21 105
21 109
21 110
21 111
21 112
21 114
21 118
21 119
21 120
21 122
21 128
21 129
21 130
21 136
21 137
21 140
21 141
21 146
21 147
21 148
21 149
21 153
21 154
21 157
21 158
21 159
21 160
21 165
21 166
21 167
21 168
21 171
21 172
21 174
21 176
21 178
21 180
21 181
21 182
21 183
21 184
21 185
21 186
21 195
22 102
22 103
22 104
22 106
22 111
22 113
22 115
22 117
22 119
22 120
22 121
22 122
22 125
22 126
22 127
22 128
22 130
22 133
22 136
22 137
22 138
22 139
22 145
22 146
22 149
22 150
22 151
22 152
22 153
22 154
22 155
22 157
22 159
22 161
22 162
22 163
22 165
22 168
22 169
22 170
22 173
22 175
22 179
22 180
22 183
22 186
22 189
22 190
22 193
22 196
22 197
22 199
22 200
23 101
23 102
23 104
23 105
23 106
23 108
23 110
23 113
23 115
23 116
23 117
23 118
23 123
23 124
23 127
23 128
23 129
23 130
23 131
23 132
23 134
23 135
23 139
23 140
23 141
23 143
23 145
23 147
23 149
23 151
23 152
23 154
23 155
23 161
23 162
23 164
23 166
23 167
23 171
23 172
23 174
23 175
23 176
23 180
23 181
23 184
23 185
23 186
23 187
23 188
23 190
23 191
23 192
23 193
23 194
23 195
23 197
23 199
24 101
24 103
24 104
24 105
24 106
24 112
24 115
24 119
24 125
24 126
24 130
24 132
24 134
24 135
24 137
24 138
24 140
24 141
24 142
24 145
24 148
24 149
24 156
24 157
24 158
24 164
24 170
24 172
24 174
24 176
24 177
24 179
24 183
24 184
24 187
24 189
24 190
24 191
24 192
24 195
24 196
24 197
24 198
24 199
25 101
25 105
25 106
25 107
25 109
25 110
25 111
25 112
25 113
25 117
25 120
25 126
25 127
25 129
25 130
25 136
25 141
25 148
25 149
25 155
25 156
25 159
25 160
25 161
25 165
25 167
25 168
25 169
25 172
25 174
25 175
25 176
25 177
25 180
25 181
25 182
25 183
25 184
25 185
25 188
25 191
25 196
25 199
26 101
26 103
26 104
26 106
26 111
26 112
26 114
26 116
26 118
26 119
26 123
26 125
26 127
26 129
26 130
26 139
26 140
26 141
26 143
26 145
26 146
26 149
26 151
26 152
26 153
26 154
26 156
26 157
26 158
26 159
26 165
26 166
26 167
26 169
26 171
26 172
26 175
26 176
26 177
26 180
26 181
26 182
26 183
26 184
26 186
26 187
26 188
26 194
26 195
26 197
27 101
27 102
27 103
27 104
27 105
27 106
27 108
27 109
27 111
27 113
27 114
27 115
27 116
27 119
27 120
27 121
27 124
27 130
27 131
27 133
27 135
27 136
27 138
27 140
27 141
27 144
27 145
27 150
27 151
27 153
27 156
27 160
27 162
27 163
27 167
27 169
27 170
27 171
27 174
27 183
27 184
27 185
27 188
27 189
27 190
27 191
27 193
27 194
27 196
28 105
28 108
28 110
28 112
28 113
28 118
28 119
28 126
28 127
28 128
28 129
28 132
28 133
28 137
28 140
28 143
28 144
28 146
28 152
28 153
28 157
28 158
28 159
28 160
28 161
28 165
28 167
28 168
28 170
28 171
28 172
28 174
28 176
28 177
28 178
28 179
28 180
28 181
28 184
28 185
28 186
28 191
28 192
28 193
28 194
28 195
28 196
28 197
28 198
29 102
29 103
29 104
29 106
29 108
29 111
29 112
29 115
29 116
29 118
29 122
29 124
29 125
29 127
29 129
29 131
29 132
29 133
29 134
29 135
29 139
29 140
29 141
29 144
29 145
29 147
29 153
29 157
29 158
29 160
29 162
29 163
29 164
29 174
29 177
29 183
29 186
29 187
29 190
29 191
29 192
29 195
29 197
29 199
29 200
30 103
30 104
30 105
30 108
30 109
30 111
30 113
30 114
30 115
30 117
30 124
30 125
30 129
30 130
30 131
30 132
30 133
30 137
30 138
30 140
30 141
30 145
30 147
30 148
30 150
30 152
30 153
30 155
30 156
30 160
30 163
30 164
30 165
30 166
30 167
30 170
30 175
30 177
30 178
30 179
30 182
30 183
30 185
30 187
30 191
30 192
30 193
30 199
31 101
31 104
31 105
31 106
31 109
31 111
31 112
31 113
31 114
31 115
31 116
31 118
31 121
31 122
31 124
31 125
31 127
31 129
31 130
31 131
31 132
31 136
31 137
31 138
31 139
31 142
31 144
31 145
31 146
31 147
31 152
31 155
31 156
31 157
31 161
31 163
31 165
31 166
31 169
31 171
31 174
31 175
31 176
31 177
31 179
31 187
31 188
31 191
31 195
31 198
31 199
32 101
32 102
32 103
32 105
32 106
32 107
32 109
32 110
32 111
32 114
32 116
32 117
32 121
32 123
32 124
32 125
32 131
32 132
32 135
32 137
32 142
32 143
32 144
32 145
32 153
32 154
32 155
32 159
32 160
32 161
32 162
32 167
32 169
32 170
32 172
32 174
32 175
32 176
32 185
32 186
32 187
32 188
32 191
32 193
32 195
32 196
32 197
32 199
33 102
33 104
33 105
33 107
33 108
33 111
33 114
33 115
33 116
33 117
33 118
33 120
33 121
33 122
33 123
33 125
33 127
33 128
33 129
33 131
33 133
33 134
33 135
33 136
33 137
33 138
33 139
33 140
33 143
33 145
33 147
33 148
33 149
33 151
33 152
33 156
33 158
33 159
33 160
33 161
33 164
33 165
33 168
33 170
33 172
33 173
33 174
33 175
33 178
33 181
33 182
33 184
33 186
33 188
33 190
33 191
33 192
33 193
33 194
33 195
33 196
33 197
33 198
33 199
34 103
34 104
34 105
34 106
34 111
34 114
34 116
34 117
34 118
34 121
34 123
34 124
34 125
34 127
34 129
34 131
34 133
34 134
34 135
34 138
34 141
34 142
34 143
34 146
34 148
34 149
34 150
34 151
34 152
34 154
34 159
34 161
34 163
34 164
34 165
34 166
34 167
34 168
34 172
34 176
34 177
34 178
34 179
34 181
34 182
34 183
34 184
34 189
34 191
34 192
34 194
34 195
34 196
34 198
35 102
35 103
35 104
35 109
35 113
35 115
35 116
35 117
35 119
35 121
35 122
35 123
35 125
35 126
35 128
35 130
35 131
35 132
35 133
35 136
35 139
35 140
35 141
35 142
35 143
35 144
35 145
35 146
35 147
35 148
35 149
35 150
35 151
35 152
35 154
35 155
35 156
35 162
35 164
35 165
35 166
35 169
35 171
35 172
35 174
35 177
35 179
35 180
35 182
35 183
35 184
35 186
35 188
35 190
35 193
35 194
35 195
35 196
35 197
35 198
35 199
36 101
36 102
36 103
36 105
36 110
36 111
36 113
36 114
36 117
36 118
36 119
36 120
36 122
36 126
36 127
36 130
36 132
36 135
36 136
36 141
36 142
36 144
36 147
36 149
36 150
36 152
36 153
36 154
36 155
36 160
36 162
36 163
36 165
36 166
36 167
36 169
36 170
36 171
36 172
36 174
36 176
36 179
36 180
36 181
36 183
36 184
36 185
36 187
36 188
36 189
36 191
36 192
36 193
36 194
36 196
36 198
36 199
36 200
37 102
37 105
37 107
37 109
37 111
37 114
37 115
37 116
37 117
37 119
37 120
37 124
37 126
37 127
37 128
37 129
37 131
37 133
37 134
37 137
37 140
37 142
37 144
37 145
37 146
37 148
37 151
37 154
37 155
37 157
37 158
37 159
37 160
37 161
37 163
37 164
37 166
37 167
37 168
37 169
37 170
37 171
37 172
37 173
37 174
37 176
37 177
37 179
37 180
37 181
37 182
37 184
37 185
37 187
37 188
37 189
37 190
37 191
37 194
37 197
37 199
37 200
38 102
38 103
38 104
38 105
38 106
38 107
38 108
38 111
38 113
38 115
38 119
38 123
38 124
38 126
38 127
38 129
38 131
38 134
38 135
38 138
38 140
38 141
38 142
38 143
38 144
38 146
38 150
38 153
38 154
38 155
38 156
38 157
38 158
38 160
38 162
38 163
38 164
38 165
38 166
38 171
38 172
38 175
38 177
38 179
38 181
38 183
38 188
38 189
38 190
38 191
38 194
38 195
38 196
38 198
38 200
39 103
39 105
39 107
39 109
39 111
39 113
39 115
39 119
39 121
39 127
39 128
39 129
39 131
39 134
39 136
39 137
39 140
39 145
39 148
39 150
39 153
39 154
39 157
39 158
39 159
39 160
39 164
39 165
39 166
39 168
39 172
39 173
39 174
39 175
39 176
39 177
39 178
39 180
39 183
39 184
39 185
39 187
39 189
39 191
39 194
39 197
39 199
39 200
40 101
40 104
40 105
40 108
40 109
40 110
40 111
40 112
40 113
40 114
40 117
40 118
40 120
40 122
40 123
40 124
40 127
40 131
40 132
40 135
40 137
40 139
40 140
40 142
40 143
40 146
40 147
40 149
40 150
40 151
40 152
40 153
40 155
40 157
40 162
40 163
40 165
40 166
40 168
40 169
40 170
40 171
40 178
40 180
40 181
40 182
40 183
40 185
40 186
40 187
40 188
40 190
40 192
40 193
40 200
41 101
41 102
41 103
41 106
41 107
41 109
41 110
41 111
41 114
41 115
41 116
41 117
41 119
41 120
41 121
41 122
41 123
41 125
41 126
41 129
41 131
41 134
41 137
41 139
41 140
41 145
41 146
41 149
41 152
41 153
41 155
41 158
41 159
41 160
41 161
41 164
41 165
41 168
41 170
41 172
41 174
41 177
41 178
41 182
41 184
41 186
41 189
41 192
41 193
41 194
41 195
41 197
41 198
41 200
42 104
42 107
42 108
42 109
42 111
42 112
42 114
42 115
42 117
42 118
42 122
42 123
42 124
42 126
42 127
42 129
42 130
42 131
42 132
42 133
42 135
42 136
42 137
42 139
42 140
42 141
42 143
42 146
42 149
42 150
42 151
42 152
42 153
42 155
42 158
42 159
42 162
42 163
42 165
42 167
42 168
42 169
42 171
42 172
42 175
42 176
42 178
42 179
42 181
42 182
42 183
42 186
42 189
42 190
42 191
42 192
42 193
42 194
42 198
42 199
43 101
43 102
43 104
43 107
43 108
43 110
43 114
43 117
43 120
43 126
43 128
43 129
43 130
43 131
43 132
43 133
43 134
43 135
43 138
43 139
43 141
43 142
43 144
43 146
43 147
43 150
43 152
43 156
43 158
43 162
43 166
43 171
43 173
43 174
43 175
43 176
43 177
43 179
43 181
43 182
43 186
43 190
43 191
43 192
43 197
43 198
44 108
44 110
44 113
44 116
44 117
44 122
44 124
44 125
44 126
44 133
44 134
44 136
44 137
44 138
44 139
44 142
44 144
44 149
44 151
44 152
44 153
44 154
44 157
44 160
44 163
44 164
44 166
44 167
44 170
44 172
44 173
44 175
44 177
44 178
44 179
44 180
44 181
44 182
44 183
44 186
44 187
44 190
44 191
44 192
44 195
44 197
44 198
44 199
45 102
45 103
45 107
45 108
45 109
45 111
45 114
45 115
45 116
45 117
45 122
45 123
45 125
45 126
45 131
45 136
45 137
45 138
45 144
45 145
45 149
45 150
45 151
45 153
45 154
45 156
45 157
45 159
45 160
45 162
45 163
45 165
45 167
45 169
45 171
45 173
45 174
45 178
45 180
45 185
45 187
45 189
45 190
45 192
45 193
45 194
45 195
45 196
45 197
45 198
46 101
46 105
46 106
46 107
46 110
46 111
46 112
46 113
46 114
46 120
46 121
46 123
46 124
46 126
46 127
46 131
46 132
46 133
46 135
46 136
46 139
46 141
46 143
46 147
46 149
46 150
46 153
46 154
46 157
46 158
46 159
46 160
46 161
46 162
46 164
46 165
46 166
46 171
46 175
46 176
46 180
46 183
46 184
46 186
46 188
46 189
46 191
46 193
46 196
46 197
47 101
47 103
47 104
47 106
47 107
47 108
47 109
47 111
47 112
47 113
47 114
47 116
47 118
47 120
47 121
47 122
47 123
47 125
47 128
47 129
47 133
47 135
47 136
47 138
47 139
47 142
47 146
47 147
47 149
47 150
47 151
47 153
47 154
47 157
47 158
47 159
47 161
47 163
47 166
47 170
47 171
47 172
47 174
47 175
47 177
47 182
47 183
47 191
47 192
47 194
47 196
47 197
47 198
47 199
47 200
48 101
48 102
48 105
48 108
48 110
48 113
48 115
48 116
48 119
48 120
48 122
48 123
48 128
48 129
48 130
48 132
48 133
48 134
48 135
48 136
48 139
48 144
48 147
48 148
48 150
48 154
48 156
48 157
48 158
48 159
48 160
48 162
48 166
48 169
48 170
48 172
48 175
48 177
48 179
48 180
48 182
48 183
48 186
48 187
48 189
48 194
48 195
48 196
48 197
48 198
49 101
49 104
49 105
49 106
49 109
49 110
49 114
49 115
49 116
49 118
49 120
49 121
49 123
49 126
49 129
49 130
49 131
49 133
49 134
49 138
49 144
49 147
49 149
49 150
49 153
49 154
49 155
49 156
49 158
49 162
49 165
49 166
49 172
49 173
49 174
49 175
49 176
49 177
49 179
49 182
49 183
49 184
49 185
49 189
49 192
49 194
49 195
49 196
49 200
50 101
50 103
50 106
50 107
50 111
50 113
50 114
50 117
50 119
50 120
50 122
50 123
50 125
50 127
50 130
50 134
50 137
50 138
50 140
50 141
50 142
50 143
50 144
50 147
50 150
50 153
50 154
50 155
50 158
50 160
50 162
50 163
50 165
50 166
50 168
50 174
50 177
50 179
50 180
50 186
50 189
50 191
50 192
50 193
50 195
50 197
50 199
50 200
51 101
51 104
51 105
51 107
51 108
51 112
51 113
51 114
51 115
51 116
51 117
51 119
51 121
51 122
51 124
51 125
51 128
51 129
51 130
51 132
51 133
51 136
51 138
51 140
51 142
51 143
51 144
51 145
51 146
51 148
51 149
51 150
51 151
51 155
51 157
51 159
51 160
51 163
51 165
51 167
51 170
51 171
51 172
51 173
51 174
51 176
51 177
51 180
51 181
51 183
51 185
51 186
51 187
51 188
51 189
51 192
51 195
51 196
51 197
51 198
51 199
51 200
52 101
52 104
52 105
52 108
52 109
52 110
52 111
52 114
52 116
52 117
52 118
52 120
52 123
52 124
52 125
52 126
52 127
52 132
52 136
52 138
52 142
52 145
52 146
52 147
52 150
52 152
52 156
52 162
52 163
52 164
52 165
52 168
52 169
52 171
52 172
52 177
52 178
52 179
52 181
52 183
52 185
52 186
52 191
52 194
52 195
52 196
52 197
52 200
53 101
53 102
53 103
53 105
53 107
53 109
53 110
53 111
53 112
53 116
53 120
53 129
53 130
53 131
53 134
53 136
53 137
53 138
53 139
53 141
53 142
53 143
53 149
53 152
53 154
53 155
53 157
53 158
53 159
53 161
53 163
53 165
53 170
53 176
53 177
53 178
53 179
53 180
53 181
53 185
53 186
53 188
53 190
53 192
53 193
53 194
53 195
53 197
53 199
54 102
54 103
54 104
54 106
54 107
54 108
54 109
54 113
54 114
54 115
54 116
54 120
54 121
54 122
54 124
54 127
54 130
54 133
54 136
54 138
54 140
54 142
54 146
54 147
54 148
54 149
54 150
54 153
54 156
54 157
54 159
54 160
54 164
54 165
54 168
54 170
54 172
54 176
54 177
54 180
54 182
54 183
54 184
54 186
54 192
54 193
54 194
54 195
54 197
54 198
54 199
55 101
55 102
55 104
55 106
55 107
55 112
55 115
55 116
55 118
55 119
55 123
55 128
55 129
55 130
55 132
55 134
55 135
55 136
55 137
55 140
55 143
55 144
55 148
55 149
55 151
55 156
55 159
55 160
55 161
55 162
55 164
55 165
55 166
55 167
55 170
55 172
55 174
55 175
55 176
55 184
55 185
55 186
55 188
55 189
55 192
55 196
56 102
56 105
56 107
56 108
56 109
56 112
56 113
56 114
56 119
56 121
56 122
56 123
56 124
56 125
56 126
56 127
56 128
56 129
56 132
56 133
56 137
56 138
56 140
56 143
56 144
56 145
56 148
56 149
56 151
56 153
56 155
56 157
56 159
56 161
56 163
56 164
56 165
56 167
56 168
56 170
56 175
56 177
56 178
56 179
56 181
56 183
56 184
56 185
56 187
56 190
56 191
56 196
56 197
56 198
57 101
57 104
57 105
57 107
57 112
57 115
57 118
57 123
57 124
57 125
57 127
57 128
57 129
57 132
57 133
57 134
57 135
57 137
57 142
57 147
57 154
57 158
57 159
57 160
57 161
57 165
57 166
57 167
57 168
57 169
57 172
57 175
57 176
57 179
57 180
57 183
57 184
57 186
57 189
57 192
57 194
57 196
57 197
57 198
57 200
58 110
58 111
58 112
58 114
58 116
58 120
58 122
58 123
58 124
58 125
58 127
58 128
58 131
58 136
58 138
58 141
58 144
58 145
58 146
58 149
58 150
58 152
58 155
58 157
58 164
58 166
58 167
58 169
58 170
58 171
58 172
58 175
58 178
58 180
58 181
58 183
58 185
58 186
58 187
58 189
58 190
58 194
58 196
58 197
58 198
59 102
59 103
59 107
59 109
59 110
59 111
59 113
59 115
59 117
59 118
59 120
59 121
59 122
59 123
59 124
59 126
59 127
59 128
59 129
59 130
59 131
59 132
59 135
59 138
59 140
59 144
59 145
59 148
59 152
59 153
59 154
59 156
59 158
59 159
59 160
59 164
59 165
59 166
59 167
59 168
59 173
59 174
59 177
59 178
59 179
59 180
59 181
59 185
59 186
59 188
59 189
59 191
59 192
59 193
59 194
59 195
59 196
59 197
59 199
60 102
60 104
60 105
60 106
60 108
60 113
60 114
60 115
60 118
60 122
60 124
60 125
60 128
60 130
60 132
60 135
60 138
60 139
60 143
60 146
60 147
60 148
60 149
60 152
60 154
60 157
60 158
60 161
60 162
60 163
60 165
60 167
60 172
60 173
60 176
60 185
60 188
60 192
60 193
60 194
60 197
60 198
60 199
60 200
61 103
61 104
61 105
61 106
61 107
61 108
61 114
61 119
61 121
61 122
61 123
61 125
61 126
61 129
61 130
61 131
61 133
61 134
61 135
61 137
61 138
61 139
61 140
61 141
61 145
61 146
61 147
61 148
61 152
61 154
61 156
61 157
61 158
61 159
61 160
61 163
61 164
61 167
61 168
61 174
61 175
61 180
61 182
61 183
61 184
61 188
61 189
61 192
61 198
62 101
62 102
62 103
62 104
62 105
62 107
62 111
62 114
62 115
62 116
62 118
62 119
62 120
62 125
62 126
62 127
62 129
62 132
62 134
62 135
62 136
62 138
62 139
62 140
62 141
62 149
62 150
62 151
62 152
62 153
62 157
62 162
62 168
62 169
62 173
62 174
62 176
62 177
62 178
62 181
62 182
62 185
62 187
62 188
62 189
62 190
62 192
62 196
62 197
62 198
63 102
63 103
63 106
63 109
63 110
63 111
63 113
63 115
63 116
63 117
63 118
63 119
63 121
63 122
63 123
63 125
63 128
63 129
63 132
63 133
63 134
63 135
63 136
63 137
63 141
63 143
63 146
63 147
63 149
63 154
63 155
63 156
63 157
63 158
63 160
63 164
63 165
63 168
63 174
63 175
63 176
63 177
63 179
63 180
63 181
63 182
63 187
63 188
63 192
63 194
63 196
63 199
63 200
64 102
64 105
64 108
64 109
64 111
64 113
64 117
64 118
64 122
64 123
64 126
64 127
64 129
64 131
64 132
64 135
64 136
64 137
64 138
64 141
64 142
64 146
64 147
64 150
64 152
64 156
64 157
64 158
64 161
64 162
64 166
64 167
64 169
64 171
64 173
64 174
64 175
64 176
64 177
64 178
64 179
64 182
64 184
64 187
64 188
64 192
64 193
64 196
64 197
64 200
65 102
65 104
65 105
65 107
65 111
65 115
65 118
65 119
65 121
65 122
65 124
65 125
65 126
65 128
65 129
65 131
65 132
65 137
65 138
65 139
65 140
65 144
65 146
65 151
65 152
65 155
65 158
65 160
65 161
65 162
65 165
65 166
65 167
65 168
65 169
65 170
65 173
65 175
65 177
65 179
65 180
65 182
65 184
65 185
65 186
65 189
65 192
65 195
66 103
66 104
66 105
66 106
66 107
66 113
66 114
66 116
66 122
66 123
66 132
66 135
66 136
66 137
66 138
66 141
66 145
66 147
66 150
66 151
66 152
66 153
66 154
66 155
66 157
66 160
66 162
66 165
66 166
66 167
66 169
66 170
66 171
66 173
66 175
66 176
66 179
66 180
66 181
66 182
66 184
66 187
66 189
66 190
66 191
66 199
66 200
67 101
67 102
67 104
67 105
67 108
67 109
67 113
67 118
67 120
67 121
67 122
67 123
67 124
67 127
67 129
67 130
67 132
67 134
67 135
67 136
67 139
67 140
67 149
67 150
67 151
67 152
67 153
67 154
67 156
67 157
67 160
67 165
67 166
67 169
67 171
67 172
67 173
67 174
67 175
67 178
67 180
67 181
67 183
67 184
67 187
67 190
67 191
67 193
67 195
67 196
67 197
67 200
68 101
68 103
68 104
68 106
68 111
68 112
68 115
68 116
68 118
68 119
68 120
68 121
68 124
68 125
68 128
68 129
68 130
68 132
68 133
68 135
68 136
68 141
68 144
68 145
68 146
68 147
68 150
68 151
68 154
68 155
68 156
68 157
68 160
68 162
68 163
68 166
68 169
68 170
68 171
68 172
68 173
68 178
68 179
68 180
68 182
68 183
68 185
68 186
68 189
68 191
69 101
69 103
69 104
69 105
69 107
69 109
69 111
69 112
69 113
69 115
69 116
69 119
69 124
69 125
69 126
69 130
69 135
69 136
69 137
69 139
69 144
69 148
69 151
69 152
69 154
69 157
69 166
69 167
69 168
69 169
69 173
69 174
69 175
69 178
69 179
69 182
69 183
69 185
69 187
69 189
69 193
69 195
69 197
69 198
69 199
70 102
70 104
70 106
70 107
70 108
70 109
70 110
70 114
70 115
70 117
70 118
70 119
70 121
70 122
70 124
70 127
70 129
70 132
70 134
70 136
70 137
70 138
70 139
70 141
70 143
70 144
70 145
70 148
70 149
70 150
70 151
70 154
70 157
70 160
70 161
70 165
70 166
70 170
70 171
70 172
70 173
70 175
70 176
70 178
70 179
70 180
70 181
70 183
70 192
70 193
70 194
70 198
70 200
71 101
71 103
71 106
71 108
71 109
71 113
71 114
71 115
71 116
71 118
71 119
71 120
71 122
71 123
71 125
71 126
71 127
71 128
71 129
71 130
71 132
71 134
71 135
71 137
71 138
71 139
71 140
71 141
71 142
71 143
71 144
71 146
71 148
71 149
71 152
71 153
71 155
71 156
71 157
71 158
71 159
71 161
71 162
71 163
71 166
71 167
71 169
71 170
71 171
71 173
71 174
71 175
71 180
71 181
71 182
71 183
71 184
71 185
71 186
71 187
71 188
71 189
71 190
71 191
71 192
71 194
71 199
72 102
72 103
72 111
72 112
72 114
72 117
72 120
72 121
72 122
72 126
72 132
72 134
72 138
72 139
72 140
72 143
72 144
72 146
72 148
72 150
72 152
72 153
72 154
72 156
72 158
72 159
72 160
72 164
72 167
72 170
72 172
72 175
72 177
72 178
72 179
72 185
72 188
72 190
72 191
72 192
72 194
72 198
73 102
73 104
73 110
73 112
73 113
73 114
73 115
73 118
73 119
73 120
73 121
73 126
73 127
73 128
73 130
73 135
73 136
73 137
73 143
73 144
73 145
73 147
73 148
73 152
73 153
73 154
73 158
73 161
73 162
73 165
73 167
73 169
73 170
73 171
73 176
73 177
73 179
73 181
73 182
73 183
73 187
73 189
73 190
73 191
73 192
73 193
73 194
73 197
73 198
73 199
73 200
74 102
74 106
74 107
74 108
74 111
74 115
74 116
74 117
74 118
74 126
74 128
74 130
74 131
74 132
74 134
74 137
74 141
74 142
74 143
74 144
74 145
74 148
74 149
74 150
74 157
74 158
74 159
74 164
74 165
74 166
74 167
74 170
74 172
74 174
74 175
74 177
74 179
74 180
74 184
74 185
74 187
74 188
74 193
74 195
74 197
74 200
75 102
75 103
75 106
75 107
75 108
75 111
75 112
75 114
75 115
75 120
75 123
75 125
75 127
75 129
75 134
75 138
75 140
75 143
75 144
75 145
75 147
75 150
75 153
75 154
75 156
75 157
75 158
75 160
75 161
75 162
75 164
75 165
75 167
75 171
75 172
75 176
75 178
75 180
75 184
75 186
75 187
75 189
75 190
75 197
76 101
76 104
76 106
76 107
76 109
76 112
76 113
76 116
76 117
76 119
76 120
76 121
76 123
76 125
76 127
76 129
76 132
76 133
76 134
76 135
76 137
76 138
76 140
76 146
76 147
76 151
76 154
76 155
76 156
76 158
76 159
76 160
76 161
76 164
76 165
76 168
76 169
76 172
76 173
76 174
76 176
76 178
76 180
76 182
76 184
76 185
76 187
76 189
76 197
76 199
76 200
77 101
77 102
77 104
77 105
77 106
77 107
77 108
77 109
77 110
77 113
77 114
77 115
77 118
77 120
77 121
77 122
77 125
77 126
77 127
77 132
77 143
77 145
77 146
77 148
77 152
77 156
77 157
77 158
77 163
77 164
77 166
77 167
77 169
77 170
77 171
77 172
77 173
77 175
77 180
77 183
77 188
77 190
77 192
77 195
77 196
77 200
78 103
78 104
78 105
78 107
78 109
78 110
78 111
78 112
78 114
78 116
78 119
78 122
78 123
78 125
78 126
78 128
78 129
78 130
78 131
78 132
78 134
78 135
78 137
78 138
78 139
78 142
78 143
78 145
78 147
78 148
78 151
78 152
78 156
78 161
78 162
78 163
78 164
78 166
78 168
78 170
78 171
78 173
78 174
78 180
78 184
78 185
78 187
78 188
78 195
78 197
78 199
79 101
79 102
79 103
79 104
79 105
79 107
79 108
79 112
79 116
79 117
79 118
79 119
79 121
79 122
79 123
79 124
79 125
79 132
79 133
79 134
79 136
79 143
79 144
79 145
79 146
79 150
79 151
79 152
79 153
79 155
79 156
79 157
79 158
79 160
79 161
79 164
79 166
79 167
79 170
79 172
79 173
79 174
79 175
79 176
79 177
79 178
79 183
79 184
79 185
79 187
79 189
79 194
79 196
79 198
80 101
80 104
80 105
80 106
80 109
80 110
80 111
80 113
80 116
80 117
80 118
80 119
80 121
80 125
80 126
80 127
80 128
80 129
80 131
80 135
80 136
80 137
80 138
80 140
80 143
80 144
80 146
80 148
80 150
80 151
80 153
80 154
80 156
80 158
80 160
80 166
80 167
80 168
80 169
80 170
80 171
80 175
80 183
80 184
80 185
80 186
80 187
80 190
80 191
80 193
80 195
80 196
80 199
81 101
81 102
81 103
81 107
81 111
81 113
81 114
81 115
81 116
81 119
81 120
81 121
81 123
81 125
81 126
81 131
81 132
81 134
81 140
81 141
81 142
81 147
81 150
81 152
81 153
81 155
81 159
81 162
81 163
81 164
81 165
81 170
81 174
81 177
81 178
81 180
81 182
81 184
81 188
81 189
81 190
81 193
81 197
81 200
82 102
82 104
82 106
82 107
82 111
82 112
82 114
82 116
82 117
82 120
82 121
82 122
82 123
82 126
82 129
82 132
82 135
82 136
82 138
82 140
82 143
82 144
82 147
82 148
82 149
82 153
82 154
82 156
82 160
82 162
82 164
82 168
82 172
82 174
82 175
82 176
82 177
82 178
82 181
82 184
82 186
82 188
82 189
82 193
82 194
82 197
82 199
82 200
83 102
83 103
83 105
83 106
83 108
83 109
83 110
83 111
83 112
83 113
83 118
83 119
83 121
83 130
83 131
83 133
83 134
83 135
83 137
83 138
83 141
83 144
83 146
83 147
83 150
83 151
83 152
83 155
83 156
83 158
83 160
83 163
83 165
83 166
83 167
83 168
83 171
83 174
83 175
83 177
83 182
83 187
83 188
83 190
83 198
84 102
84 104
84 105
84 108
84 109
84 112
84 113
84 114
84 116
84 124
84 128
84 129
84 130
84 131
84 133
84 135
84 137
84 138
84 140
84 142
84 143
84 144
84 145
84 146
84 147
84 149
84 151
84 152
84 153
84 155
84 157
84 158
84 160
84 162
84 164
84 165
84 170
84 171
84 173
84 174
84 175
84 176
84 177
84 193
84 194
84 195
84 196
84 197
84 198
84 199
85 101
85 108
85 109
85 110
85 113
85 117
85 118
85 119
85 124
85 126
85 128
85 129
85 131
85 140
85 141
85 142
85 145
85 146
85 147
85 148
85 149
85 151
85 153
85 154
85 156
85 157
85 158
85 160
85 164
85 165
85 173
85 174
85 180
85 182
85 183
85 185
85 187
85 191
85 192
85 193
85 194
85 196
85 198
86 102
86 105
86 112
86 114
86 115
86 116
86 117
86 118
86 122
86 124
86 126
86 129
86 130
86 134
86 135
86 136
86 137
86 138
86 140
86 141
86 147
86 152
86 153
86 154
86 156
86 158
86 162
86 163
86 164
86 165
86 167
86 168
86 170
86 173
86 174
86 175
86 177
86 178
86 179
86 183
86 185
86 188
86 191
86 193
86 194
86 196
86 197
86 198
86 199
87 101
87 102
87 106
87 107
87 108
87 112
87 113
87 116
87 117
87 120
87 123
87 125
87 128
87 130
87 132
87 133
87 135
87 136
87 138
87 140
87 144
87 148
87 149
87 151
87 153
87 155
87 157
87 159
87 160
87 164
87 165
87 166
87 167
87 168
87 170
87 171
87 172
87 174
87 175
87 177
87 178
87 179
87 181
87 182
87 186
87 189
87 190
87 191
87 193
87 194
87 198
88 101
88 102
88 107
88 109
88 110
88 112
88 113
88 115
88 116
88 120
88 123
88 124
88 129
88 130
88 135
88 136
88 137
88 138
88 139
88 140
88 141
88 143
88 144
88 145
88 148
88 150
88 151
88 152
88 154
88 155
88 156
88 157
88 158
88 159
88 160
88 162
88 165
88 167
88 169
88 170
88 171
88 172
88 173
88 174
88 175
88 176
88 177
88 178
88 183
88 185
88 188
88 189
88 192
88 196
88 200
89 103
89 104
89 107
89 109
89 110
89 114
89 119
89 120
89 121
89 123
89 124
89 125
89 126
89 127
89 130
89 131
89 135
89 137
89 140
89 141
89 142
89 143
89 145
89 149
89 150
89 152
89 154
89 157
89 163
89 164
89 166
89 168
89 170
89 172
89 174
89 178
89 180
89 185
89 187
89 188
89 190
89 191
89 194
89 195
89 198
90 105
90 107
90 111
90 112
90 115
90 118
90 120
90 121
90 125
90 127
90 128
90 129
90 131
90 132
90 133
90 136
90 138
90 141
90 142
90 146
90 147
90 149
90 151
90 154
90 156
90 159
90 160
90 162
90 164
90 168
90 170
90 173
90 177
90 179
90 180
90 182
90 183
90 185
90 188
90 190
90 191
90 196
90 200
91 101
91 102
91 105
91 106
91 109
91 110
91 114
91 115
91 118
91 119
91 121
91 124
91 125
91 126
91 127
91 130
91 134
91 136
91 142
91 144
91 145
91 146
91 147
91 150
91 151
91 153
91 154
91 155
91 158
91 159
91 161
91 162
91 163
91 176
91 177
91 179
91 180
91 182
91 184
91 188
91 189
91 190
91 192
91 193
91 196
91 198
92 101
92 102
92 109
92 111
92 112
92 113
92 116
92 117
92 118
92 119
92 122
92 126
92 128
92 129
92 130
92 132
92 133
92 134
92 135
92 136
92 138
92 139
92 140
92 145
92 147
92 149
92 152
92 157
92 158
92 160
92 161
92 162
92 165
92 167
92 168
92 170
92 178
92 182
92 183
92 184
92 185
92 186
92 188
92 191
92 192
92 194
92 196
92 197
92 198
92 200
93 101
93 102
93 103
93 107
93 108
93 110
93 111
93 113
93 114
93 117
93 120
93 122
93 126
93 128
93 129
93 130
93 131
93 132
93 133
93 141
93 142
93 143
93 145
93 146
93 147
93 149
93 153
93 154
93 155
93 157
93 159
93 160
93 161
93 162
93 164
93 170
93 171
93 172
93 175
93 178
93 179
93 180
93 181
93 184
93 185
93 187
93 189
93 192
93 195
93 197
93 199
94 101
94 103
94 110
94 111
94 114
94 115
94 119
94 120
94 121
94 122
94 125
94 126
94 127
94 129
94 131
94 133
94 134
94 138
94 139
94 140
94 149
94 153
94 154
94 155
94 157
94 164
94 166
94 168
94 169
94 172
94 173
94 179
94 181
94 183
94 186
94 187
94 188
94 189
94 195
94 198
94 199
94 200
95 102
95 103
95 104
95 110
95 111
95 114
95 115
95 117
95 119
95 120
95 122
95 124
95 125
95 127
95 128
95 129
95 131
95 132
95 134
95 135
95 136
95 141
95 145
95 146
95 150
95 152
95 156
95 157
95 158
95 159
95 160
95 164
95 165
95 168
95 170
95 171
95 173
95 175
95 176
95 177
95 178
95 179
95 180
95 181
95 183
95 185
95 186
95 187
95 188
95 190
95 191
95 192
95 193
95 194
95 196
95 197
95 198
95 199
95 200
96 101
96 102
96 103
96 104
96 107
96 108
96 109
96 110
96 113
96 115
96 118
96 119
96 122
96 123
96 125
96 126
96 127
96 129
96 134
96 136
96 141
96 143
96 146
96 148
96 154
96 156
96 157
96 160
96 162
96 164
96 165
96 166
96 167
96 168
96 171
96 172
96 173
96 174
96 176
96 177
96 182
96 184
96 185
96 186
96 187
96 189
96 190
96 191
96 192
96 195
96 196
97 101
97 102
97 104
97 105
97 107
97 110
97 114
97 116
97 120
97 121
97 122
97 123
97 124
97 125
97 128
97 129
97 130
97 132
97 133
97 135
97 136
97 140
97 142
97 144
97 145
97 148
97 149
97 150
97 152
97 153
97 155
97 156
97 157
97 160
97 161
97 166
97 168
97 169
97 170
97 173
97 176
97 179
97 182
97 183
97 186
97 187
97 188
97 190
97 194
97 195
97 196
97 199
97 200
98 102
98 104
98 105
98 108
98 111
98 115
98 116
98 120
98 121
98 124
98 125
98 127
98 132
98 133
98 137
98 138
98 139
98 140
98 143
98 146
98 147
98 148
98 149
98 150
98 155
98 156
98 158
98 162
98 170
98 172
98 179
98 181
98 182
98 184
98 185
98 187
98 189
98 191
98 192
98 195
98 196
98 198
99 102
99 107
99 108
99 111
99 112
99 113
99 116
99 117
99 119
99 120
99 122
99 124
99 125
99 126
99 127
99 128
99 130
99 131
99 132
99 134
99 136
99 137
99 138
99 140
99 141
99 143
99 145
99 146
99 147
99 149
99 152
99 156
99 157
99 161
99 164
99 165
99 166
99 167
99 168
99 174
99 175
99 176
99 177
99 181
99 182
99 183
99 184
99 187
99 193
99 195
99 196
99 199
99 200
100 102
100 103
100 107
100 108
100 110
100 111
100 113
100 114
100 118
100 120
100 126
100 131
100 132
100 133
100 134
100 136
100 137
100 138
100 142
100 145
100 148
100 150
100 153
100 155
100 156
100 157
100 159
100 160
100 162
100 163
100 169
100 170
100 171
100 174
100 180
100 182
100 183
100 187
100 188
100 190
100 191
100 193
100 195
100 199
