100 100 10
1 101
1 108
1 110
1 111
1 117
1 118
1 119
1 123
1 126
1 127
1 134
1 141
1 145
1 147
1 150
1 153
1 156
1 161
1 167
1 168
1 169
1 170
1 172
1 173
1 183
1 184
1 185
1 187
1 188
1 189
1 193
1 194
1 195
2 106
2 107
2 112
2 117
2 119
2 120
2 122
2 124
2 129
2 131
2 133
2 139
2 145
2 147
2 155
2 157
2 169
2 171
2 175
2 178
2 179
2 183
2 186
2 187
2 190
2 192
2 193
2 196
2 200
3 105
3 106
3 107
3 119
3 121
3 122
3 124
3 131
3 133
3 135
3 136
3 138
3 141
3 142
3 145
3 146
3 147
3 152
3 160
3 165
3 169
3 170
3 174
3 182
3 183
3 186
3 196
3 197
3 198
4 101
4 106
4 108
4 109
4 111
4 113
4 114
4 116
4 118
4 120
4 123
4 125
4 146
4 147
4 152
4 157
4 160
4 171
4 172
4 174
4 181
4 182
4 187
4 189
4 197
4 198
5 106
5 115
5 118
5 120
5 128
5 130
5 134
5 135
5 136
5 137
5 139
5 140
5 142
5 145
5 146
5 169
5 172
5 176
5 178
5 179
5 180
5 181
5 185
5 187
5 188
5 190
5 191
5 194
5 197
6 104
6 105
6 107
6 114
6 116
6 122
6 127
6 130
6 136
6 149
6 152
6 158
6 166
6 168
6 174
6 183
6 184
6 191
6 194
6 196
6 199
7 102
7 104
7 107
7 110
7 112
7 119
7 122
7 126
7 129
7 132
7 136
7 138
7 145
7 146
7 149
7 152
7 153
7 156
7 157
7 161
7 162
7 164
7 165
7 169
7 171
7 174
7 181
7 184
7 185
7 189
7 191
7 193
7 195
7 198
8 103
8 104
8 105
8 107
8 108
8 109
8 114
8 117
8 120
8 121
8 129
8 130
8 131
8 135
8 136
8 137
8 145
8 153
8 155
8 159
8 160
8 171
8 175
8 182
8 183
8 185
8 190
8 194
8 195
8 197
9 104
9 109
9 115
9 116
9 118
9 119
9 121
9 123
9 127
9 130
9 132
9 137
9 138
9 140
9 142
9 145
9 151
9 152
9 154
9 159
9 160
9 161
9 164
9 165
9 177
9 178
9 179
9 182
9 183
9 186
9 187
9 191
9 195
9 200
10 102
10 106
10 108
10 110
10 111
10 113
10 114
10 118
10 131
10 132
10 133
10 137
10 138
10 139
10 145
10 149
10 151
10 152
10 154
10 155
10 157
10 159
10 161
10 163
10 172
10 177
10 187
10 189
10 193
10 196
11 103
11 106
11 122
11 127
11 128
11 131
11 132
11 133
11 134
11 138
11 142
11 145
11 151
11 156
11 157
11 163
11 169
11 183
11 193
12 105
12 106
12 119
12 126
12 127
12 129
12 130
12 134
12 141
12 145
12 146
12 148
12 149
12 150
12 154
12 155
12 158
12 164
12 167
12 169
12 170
12 173
12 175
12 178
12 185
12 186
12 188
12 189
12 192
12 194
12 197
12 200
13 101
13 106
13 112
13 120
13 123
13 124
13 126
13 131
13 133
13 136
13 140
13 146
13 157
13 159
13 160
13 162
13 166
13 167
13 170
13 171
13 175
13 176
13 178
13 187
13 191
13 193
13 194
13 197
13 199
14 101
14 102
14 106
14 109
14 112
14 114
14 123
14 130
14 131
14 133
14 141
14 142
14 146
14 153
14 154
14 161
14 162
14 174
14 186
14 192
14 195
15 102
15 107
15 108
15 110
15 116
15 121
15 124
15 129
15 131
15 132
15 133
15 135
15 137
15 140
15 142
15 143
15 145
15 147
15 149
15 150
15 153
15 156
15 157
15 160
15 161
15 165
15 166
15 169
15 171
15 173
15 179
15 187
15 189
15 192
15 195
16 101
16 105
16 109
16 114
16 116
16 121
16 123
16 126
16 127
16 131
16 133
16 137
16 143
16 144
16 145
16 146
16 155
16 156
16 157
16 159
16 163
16 168
16 173
16 174
16 177
16 178
16 185
16 186
16 191
16 194
16 200
17 101
17 103
17 104
17 105
17 106
17 109
17 111
17 116
17 121
17 124
17 126
17 129
17 133
17 135
17 145
17 147
17 151
17 154
17 159
17 166
17 169
17 171
17 173
17 174
17 176
17 180
17 181
17 182
17 187
17 188
17 190
17 192
18 101
18 103
18 111
18 115
18 124
18 126
18 127
18 129
18 130
18 135
18 140
18 152
18 156
18 157
18 163
18 166
18 167
18 170
18 171
18 173
18 174
18 180
18 188
18 190
18 192
18 193
19 105
19 109
19 125
19 127
19 133
19 134
19 137
19 139
19 141
19 142
19 145
19 153
19 155
19 162
19 164
19 165
19 166
19 169
19 172
19 175
19 178
19 179
19 184
19 189
19 190
19 191
19 194
19 195
19 200
20 101
20 102
20 109
20 118
20 121
20 124
20 125
20 126
20 127
20 131
20 137
20 138
20 139
20 143
20 144
20 150
20 152
20 155
20 156
20 157
20 158
20 161
20 165
20 167
20 171
20 172
20 173
20 174
20 175
20 177
20 188
20 192
20 193
20 194
20 195
20 196
20 200
21 101
21 118
21 119
21 122
21 128
21 129
21 137
21 140
21 141
21 146
21 147
21 148
21 153
21 154
21 157
21 158
21 165
21 166
21 167
21 168
21 172
21 178
21 182
21 184
21 195
22 106
22 111
22 115
22 117
22 119
22 120
22 121
22 122
22 126
22 127
22 128
22 130
22 133
22 136
22 137
22 139
22 149
22 150
22 152
22 153
22 154
22 155
22 159
22 161
22 162
22 163
22 165
22 169
22 175
22 179
22 183
22 189
22 190
22 196
22 197
22 199
22 200
23 101
23 102
23 104
23 105
23 110
23 116
23 117
23 124
23 127
23 129
23 135
23 139
23 141
23 147
23 149
23 151
23 154
23 155
23 162
23 164
23 166
23 167
23 171
23 172
23 174
23 175
23 176
23 180
23 181
23 185
23 187
23 191
23 192
23 194
23 195
23 197
24 101
24 104
24 105
24 106
24 112
24 115
24 119
24 126
24 130
24 132
24 134
24 137
24 138
24 140
24 142
24 148
24 149
24 156
24 157
24 170
24 174
24 176
24 183
24 184
24 187
24 191
24 192
24 195
24 196
24 197
24 198
25 105
25 106
25 107
25 111
25 112
25 120
25 127
25 129
25 141
25 148
25 149
25 155
25 156
25 165
25 167
25 168
25 172
25 177
25 180
25 182
25 183
25 185
25 191
25 199
26 101
26 104
26 106
26 111
26 114
26 119
26 123
26 127
26 139
26 140
26 141
26 143
26 145
26 149
26 153
26 154
26 156
26 157
26 158
26 159
26 172
26 176
26 177
26 180
26 182
26 183
26 186
26 187
26 194
26 197
27 101
27 103
27 105
27 106
27 108
27 109
27 114
27 116
27 120
27 121
27 130
27 131
27 140
27 141
27 145
27 150
27 153
27 156
27 160
27 162
27 163
27 167
27 171
27 174
27 184
27 189
27 191
28 105
28 112
28 113
28 126
28 129
28 133
28 137
28 140
28 143
28 144
28 153
28 158
28 159
28 167
28 171
28 172
28 174
28 176
28 181
28 184
28 185
28 186
28 191
28 192
28 193
28 194
28 195
28 196
28 197
29 106
29 108
29 111
29 112
29 115
29 116
29 118
29 127
29 129
29 133
29 134
29 135
29 139
29 140
29 141
29 144
29 145
29 153
29 157
29 158
29 162
29 163
29 164
29 174
29 177
29 186
29 187
29 190
29 191
29 192
29 195
29 200
30 105
30 108
30 109
30 111
30 113
30 114
30 124
30 129
30 130
30 131
30 132
30 140
30 141
30 145
30 147
30 148
30 150
30 153
30 156
30 160
30 163
30 164
30 165
30 166
30 167
30 175
30 177
30 178
30 182
30 183
30 185
30 187
30 191
30 193
31 101
31 104
31 109
31 111
31 113
31 114
31 115
31 124
31 125
31 127
31 129
31 130
31 132
31 139
31 144
31 152
31 155
31 157
31 161
31 163
31 169
31 171
31 174
31 176
31 177
31 179
31 187
31 188
31 191
31 195
31 199
32 101
32 107
32 111
32 114
32 131
32 137
32 143
32 144
32 153
32 154
32 155
32 160
32 161
32 162
32 169
32 172
32 175
32 185
32 187
32 191
32 193
32 195
33 102
33 105
33 107
33 108
33 114
33 115
33 117
33 118
33 120
33 122
33 127
33 128
33 129
33 131
33 134
33 136
33 137
33 138
33 140
33 147
33 148
33 156
33 159
33 165
33 173
33 174
33 175
33 178
33 181
33 182
33 190
33 192
33 193
33 194
33 197
33 198
33 199
34 103
34 104
34 105
34 111
34 114
34 117
34 118
34 121
34 124
34 125
34 127
34 129
34 131
34 133
34 135
34 138
34 142
34 143
34 146
34 149
34 152
34 161
34 164
34 165
34 166
34 167
34 168
34 172
34 176
34 177
34 178
34 181
34 184
34 189
34 191
34 195
34 196
35 102
35 104
35 115
35 116
35 121
35 126
35 128
35 130
35 131
35 136
35 139
35 140
35 142
35 145
35 147
35 148
35 149
35 150
35 151
35 155
35 156
35 162
35 165
35 172
35 174
35 177
35 179
35 180
35 183
35 186
35 193
35 195
35 196
35 197
35 198
36 105
36 111
36 113
36 114
36 118
36 120
36 122
36 126
36 127
36 130
36 136
36 141
36 149
36 152
36 153
36 154
36 162
36 166
36 169
36 170
36 171
36 172
36 176
36 179
36 180
36 181
36 184
36 185
36 188
36 189
36 192
36 193
36 194
36 196
36 199
36 200
37 102
37 105
37 111
37 114
37 117
37 119
37 120
37 124
37 127
37 128
37 129
37 131
37 140
37 145
37 151
37 154
37 155
37 158
37 159
37 161
37 163
37 164
37 167
37 168
37 169
37 171
37 174
37 176
37 180
37 182
37 184
37 185
37 187
37 188
37 189
37 190
37 191
37 199
38 103
38 104
38 105
38 106
38 108
38 113
38 115
38 123
38 126
38 127
38 129
38 131
38 138
38 140
38 142
38 146
38 150
38 154
38 156
38 162
38 163
38 164
38 165
38 171
38 175
38 179
38 181
38 183
38 188
38 191
38 195
38 198
39 107
39 109
39 115
39 121
39 128
39 134
39 137
39 140
39 145
39 153
39 154
39 157
39 158
39 159
39 164
39 165
39 168
39 172
39 177
39 183
39 185
39 191
39 194
39 197
39 199
39 200
40 104
40 105
40 108
40 110
40 111
40 113
40 114
40 117
40 122
40 127
40 132
40 137
40 142
40 146
40 147
40 150
40 151
40 152
40 155
40 162
40 163
40 165
40 169
40 171
40 181
40 182
40 187
40 190
40 192
40 200
41 102
41 103
41 107
41 109
41 110
41 114
41 117
41 119
41 121
41 122
41 123
41 125
41 126
41 129
41 131
41 139
41 146
41 152
41 155
41 158
41 172
41 177
41 182
41 186
41 192
41 193
41 194
41 195
41 197
41 200
42 104
42 107
42 109
42 111
42 112
42 115
42 122
42 131
42 132
42 137
42 139
42 140
42 143
42 146
42 150
42 153
42 155
42 159
42 162
42 163
42 165
42 167
42 172
42 175
42 179
42 183
42 190
42 191
42 193
43 102
43 107
43 120
43 126
43 128
43 130
43 132
43 134
43 138
43 141
43 142
43 144
43 146
43 147
43 150
43 152
43 158
43 171
43 173
43 174
43 175
43 177
43 181
43 190
43 197
44 108
44 113
44 117
44 124
44 125
44 126
44 133
44 134
44 136
44 138
44 142
44 144
44 149
44 151
44 153
44 157
44 160
44 163
44 164
44 167
44 170
44 177
44 179
44 181
44 183
44 186
44 191
44 192
44 195
44 197
44 199
45 102
45 107
45 111
45 114
45 116
45 126
45 136
45 137
45 138
45 144
45 145
45 149
45 151
45 154
45 162
45 163
45 165
45 169
45 185
45 187
45 190
45 192
45 193
45 197
46 101
46 105
46 107
46 110
46 112
46 121
46 123
46 124
46 126
46 131
46 132
46 135
46 136
46 139
46 147
46 153
46 154
46 158
46 159
46 166
46 171
46 180
46 186
46 189
46 193
47 101
47 103
47 109
47 112
47 113
47 116
47 120
47 122
47 125
47 128
47 136
47 139
47 149
47 151
47 153
47 154
47 159
47 170
47 171
47 172
47 174
47 183
47 192
47 196
47 197
47 198
48 102
48 110
48 113
48 115
48 116
48 119
48 120
48 122
48 123
48 128
48 129
48 130
48 132
48 133
48 134
48 139
48 148
48 156
48 157
48 160
48 162
48 170
48 175
48 177
48 179
48 182
48 194
48 196
49 101
49 105
49 106
49 114
49 115
49 116
49 120
49 121
49 123
49 129
49 130
49 131
49 138
49 147
49 150
49 154
49 155
49 158
49 162
49 165
49 172
49 174
49 175
49 179
49 182
49 183
49 184
49 185
49 189
49 194
50 106
50 107
50 111
50 113
50 114
50 119
50 120
50 122
50 140
50 141
50 142
50 143
50 147
50 154
50 158
50 160
50 162
50 166
50 168
50 174
50 177
50 180
50 195
51 101
51 104
51 108
51 112
51 113
51 115
51 116
51 117
51 119
51 121
51 122
51 124
51 125
51 128
51 129
51 130
51 132
51 138
51 140
51 142
51 144
51 146
51 149
51 150
51 151
51 155
51 160
51 163
51 165
51 167
51 171
51 172
51 173
51 174
51 176
51 177
51 181
51 183
51 185
51 195
51 196
51 197
51 199
51 200
52 105
52 108
52 110
52 117
52 118
52 120
52 123
52 124
52 126
52 132
52 136
52 138
52 145
52 156
52 164
52 165
52 168
52 171
52 177
52 178
52 181
52 185
52 186
52 194
52 195
52 196
52 197
53 102
53 103
53 105
53 109
53 110
53 112
53 120
53 129
53 130
53 138
53 142
53 143
53 149
53 152
53 157
53 158
53 163
53 165
53 170
53 176
53 177
53 178
53 180
53 186
53 188
53 193
53 194
53 195
53 199
54 106
54 107
54 108
54 109
54 113
54 114
54 115
54 122
54 124
54 127
54 130
54 133
54 136
54 138
54 148
54 149
54 150
54 156
54 159
54 160
54 172
54 176
54 182
54 186
54 193
54 194
54 195
54 197
54 199
55 101
55 102
55 104
55 107
55 115
55 116
55 118
55 130
55 132
55 143
55 151
55 156
55 160
55 161
55 162
55 165
55 170
55 172
55 175
55 184
55 189
56 102
56 105
56 107
56 121
56 122
56 123
56 124
56 127
56 132
56 133
56 137
56 138
56 140
56 143
56 145
56 149
56 151
56 157
56 161
56 167
56 168
56 170
56 175
56 178
56 179
56 183
56 184
56 185
56 190
56 191
56 197
56 198
57 101
57 105
57 112
57 115
57 123
57 127
57 128
57 129
57 133
57 142
57 147
57 154
57 158
57 159
57 161
57 165
57 166
57 168
57 175
57 183
57 186
57 189
57 194
57 196
57 200
58 110
58 114
58 116
58 122
58 124
58 125
58 128
58 131
58 136
58 141
58 145
58 150
58 152
58 164
58 167
58 170
58 171
58 172
58 175
58 178
58 180
58 183
58 185
58 187
58 189
58 198
59 102
59 103
59 107
59 109
59 110
59 113
59 115
59 117
59 120
59 121
59 122
59 123
59 124
59 126
59 128
59 131
59 132
59 144
59 145
59 148
59 153
59 154
59 156
59 165
59 167
59 173
59 174
59 177
59 178
59 180
59 181
59 188
59 189
59 193
59 194
59 196
59 199
60 102
60 105
60 108
60 113
60 114
60 115
60 118
60 122
60 125
60 128
60 130
60 132
60 135
60 139
60 146
60 148
60 152
60 154
60 158
60 162
60 173
60 176
60 193
60 197
60 198
60 200
61 104
61 106
61 107
61 108
61 125
61 126
61 130
61 133
61 134
61 135
61 137
61 138
61 139
61 140
61 141
61 145
61 147
61 148
61 152
61 154
61 156
61 157
61 158
61 159
61 160
61 163
61 167
61 168
61 175
61 183
61 184
61 188
61 189
61 192
61 198
62 103
62 105
62 111
62 114
62 115
62 116
62 118
62 127
62 129
62 132
62 134
62 135
62 136
62 139
62 140
62 141
62 150
62 151
62 152
62 153
62 168
62 174
62 177
62 178
62 181
62 185
62 187
62 189
62 197
63 103
63 109
63 111
63 115
63 121
63 122
63 125
63 128
63 129
63 132
63 133
63 135
63 136
63 141
63 143
63 146
63 149
63 154
63 156
63 157
63 160
63 165
63 168
63 175
63 176
63 177
63 180
63 181
63 182
63 187
63 188
63 196
63 199
63 200
64 108
64 113
64 118
64 122
64 123
64 126
64 127
64 131
64 132
64 135
64 136
64 146
64 150
64 157
64 158
64 161
64 167
64 169
64 171
64 173
64 174
64 176
64 178
64 182
64 187
64 188
64 193
64 196
64 197
65 105
65 107
65 111
65 122
65 124
65 125
65 126
65 128
65 129
65 131
65 137
65 138
65 140
65 144
65 146
65 151
65 152
65 158
65 160
65 161
65 162
65 166
65 167
65 168
65 169
65 173
65 175
65 177
65 182
65 184
65 185
65 189
65 192
65 195
66 103
66 105
66 106
66 113
66 114
66 116
66 137
66 138
66 141
66 147
66 150
66 151
66 152
66 153
66 155
66 157
66 160
66 162
66 165
66 167
66 169
66 170
66 173
66 176
66 179
66 180
66 181
66 182
66 184
66 187
66 189
66 190
66 191
66 199
66 200
67 102
67 104
67 105
67 118
67 120
67 121
67 123
67 127
67 129
67 132
67 151
67 152
67 153
67 156
67 157
67 160
67 165
67 166
67 174
67 175
67 178
67 180
67 181
67 183
67 184
67 187
67 190
67 191
67 193
67 195
68 101
68 103
68 111
68 112
68 115
68 120
68 124
68 125
68 129
68 133
68 136
68 141
68 147
68 151
68 155
68 156
68 157
68 162
68 163
68 166
68 169
68 178
68 179
68 182
68 183
68 185
68 186
68 189
68 191
69 103
69 104
69 109
69 125
69 130
69 135
69 137
69 139
69 151
69 152
69 157
69 166
69 167
69 168
69 169
69 174
69 178
69 179
69 183
69 187
69 193
69 195
69 197
70 107
70 114
70 122
70 124
70 127
70 134
70 137
70 139
70 143
70 148
70 149
70 151
70 157
70 161
70 165
70 166
70 170
70 173
70 176
70 178
70 179
70 194
70 198
70 200
71 106
71 109
71 113
71 114
71 115
71 118
71 119
71 120
71 122
71 123
71 126
71 128
71 129
71 132
71 135
71 137
71 139
71 140
71 141
71 142
71 143
71 144
71 155
71 156
71 157
71 158
71 159
71 161
71 162
71 163
71 170
71 171
71 173
71 174
71 175
71 181
71 183
71 187
71 188
71 189
71 190
71 194
71 199
72 102
72 111
72 112
72 114
72 117
72 121
72 126
72 132
72 134
72 139
72 140
72 144
72 146
72 148
72 152
72 154
72 156
72 158
72 159
72 160
72 167
72 170
72 175
72 185
72 191
72 194
72 198
73 102
73 104
73 110
73 112
73 113
73 119
73 120
73 121
73 128
73 130
73 135
73 136
73 137
73 143
73 147
73 152
73 153
73 154
73 158
73 165
73 167
73 170
73 171
73 181
73 182
73 183
73 187
73 189
73 190
73 191
73 194
73 197
73 198
73 199
74 102
74 106
74 107
74 111
74 115
74 116
74 126
74 128
74 134
74 143
74 144
74 148
74 149
74 159
74 170
74 174
74 175
74 177
74 179
74 180
74 184
74 185
74 187
74 193
74 200
75 106
75 108
75 111
75 114
75 115
75 123
75 125
75 127
75 129
75 138
75 143
75 144
75 145
75 160
75 161
75 164
75 171
75 172
75 176
75 178
75 184
75 187
75 189
75 190
76 104
76 106
76 107
76 116
76 117
76 121
76 125
76 127
76 140
76 151
76 155
76 158
76 159
76 172
76 174
76 176
76 180
76 182
76 189
76 197
76 200
77 102
77 104
77 108
77 109
77 110
77 118
77 120
77 121
77 122
77 127
77 143
77 145
77 146
77 152
77 158
77 163
77 164
77 167
77 169
77 171
77 173
77 183
77 190
77 192
77 195
77 196
78 103
78 104
78 105
78 107
78 114
78 116
78 122
78 125
78 126
78 128
78 131
78 132
78 134
78 135
78 137
78 139
78 142
78 143
78 148
78 152
78 156
78 161
78 168
78 170
78 173
78 174
78 180
78 184
78 185
78 187
78 195
78 197
78 199
79 101
79 103
79 107
79 112
79 116
79 117
79 119
79 121
79 122
79 124
79 125
79 132
79 133
79 134
79 136
79 144
79 145
79 146
79 151
79 152
79 153
79 157
79 158
79 166
79 170
79 172
79 173
79 174
79 175
79 176
79 178
79 184
79 187
79 189
79 196
79 198
80 101
80 105
80 106
80 111
80 113
80 117
80 118
80 121
80 125
80 127
80 129
80 135
80 136
80 138
80 144
80 151
80 153
80 156
80 160
80 167
80 169
80 175
80 183
80 186
80 187
80 193
80 195
80 196
80 199
81 101
81 102
81 113
81 114
81 115
81 116
81 123
81 125
81 126
81 131
81 134
81 150
81 152
81 155
81 162
81 164
81 170
81 177
81 178
81 180
81 182
81 184
81 189
82 104
82 106
82 114
82 121
82 126
82 132
82 135
82 138
82 143
82 144
82 148
82 154
82 156
82 160
82 172
82 174
82 176
82 178
82 181
82 184
82 186
82 194
82 197
82 199
83 105
83 106
83 109
83 110
83 111
83 112
83 113
83 118
83 130
83 133
83 134
83 135
83 137
83 144
83 146
83 147
83 150
83 152
83 155
83 160
83 163
83 165
83 167
83 171
83 175
83 177
83 182
83 188
83 190
83 198
84 102
84 104
84 105
84 108
84 124
84 128
84 133
84 137
84 140
84 142
84 144
84 145
84 147
84 151
84 155
84 157
84 160
84 165
84 170
84 174
84 175
84 177
84 196
84 197
84 198
84 199
85 101
85 108
85 109
85 117
85 118
85 119
85 126
85 128
85 129
85 131
85 141
85 142
85 145
85 148
85 149
85 151
85 154
85 157
85 165
85 173
85 182
85 196
85 198
86 102
86 112
86 114
86 115
86 116
86 117
86 122
86 124
86 129
86 130
86 134
86 137
86 140
86 141
86 147
86 153
86 154
86 158
86 162
86 163
86 167
86 168
86 175
86 178
86 179
86 185
86 191
86 193
86 194
86 196
86 198
87 101
87 106
87 107
87 108
87 112
87 116
87 120
87 125
87 130
87 133
87 135
87 138
87 144
87 155
87 160
87 167
87 168
87 170
87 171
87 172
87 178
87 181
87 182
87 190
87 191
87 193
87 198
88 101
88 102
88 107
88 112
88 113
88 120
88 123
88 130
88 139
88 141
88 143
88 144
88 145
88 148
88 154
88 155
88 156
88 157
88 158
88 160
88 162
88 165
88 170
88 171
88 172
88 173
88 174
88 176
88 185
88 189
88 192
88 196
88 200
89 103
89 109
89 119
89 121
89 123
89 126
89 130
89 131
89 135
89 137
89 141
89 142
89 143
89 149
89 150
89 152
89 154
89 170
89 172
89 180
89 185
89 187
89 188
90 105
90 107
90 112
90 115
90 118
90 121
90 125
90 129
90 132
90 133
90 136
90 141
90 142
90 147
90 149
90 151
90 154
90 159
90 160
90 164
90 168
90 170
90 177
90 179
90 180
90 182
90 183
90 185
90 188
90 196
90 200
91 110
91 114
91 119
91 121
91 124
91 126
91 142
91 146
91 147
91 150
91 151
91 153
91 154
91 155
91 159
91 161
91 162
91 163
91 177
91 179
91 182
91 184
91 188
91 190
91 192
91 193
92 101
92 102
92 109
92 111
92 112
92 117
92 118
92 126
92 128
92 129
92 130
92 134
92 139
92 140
92 145
92 152
92 157
92 161
92 162
92 165
92 167
92 170
92 178
92 183
92 184
92 185
92 188
92 191
92 192
92 196
92 198
92 200
93 101
93 102
93 107
93 110
93 111
93 113
93 117
93 120
93 122
93 128
93 129
93 130
93 131
93 132
93 133
93 141
93 142
93 145
93 149
93 155
93 157
93 159
93 160
93 161
93 162
93 164
93 170
93 172
93 178
93 179
93 180
93 181
93 189
93 192
93 197
94 101
94 111
94 114
94 115
94 119
94 121
94 122
94 125
94 129
94 131
94 133
94 134
94 138
94 149
94 154
94 164
94 172
94 173
94 179
94 183
94 186
94 187
94 189
94 195
94 198
94 200
95 103
95 104
95 115
95 120
95 122
95 124
95 127
95 129
95 132
95 134
95 141
95 145
95 146
95 150
95 152
95 156
95 157
95 158
95 159
95 165
95 168
95 170
95 171
95 173
95 175
95 177
95 179
95 181
95 183
95 185
95 186
95 187
95 190
95 192
95 194
95 196
95 198
95 199
95 200
96 101
96 102
96 103
96 104
96 107
96 110
96 115
96 119
96 122
96 123
96 125
96 126
96 127
96 134
96 136
96 143
96 146
96 154
96 157
96 160
96 162
96 167
96 168
96 172
96 173
96 174
96 176
96 177
96 182
96 184
96 185
96 186
96 187
96 189
96 192
96 195
97 101
97 102
97 104
97 107
97 110
97 114
97 120
97 121
97 122
97 123
97 125
97 128
97 130
97 132
97 135
97 136
97 140
97 142
97 144
97 153
97 156
97 160
97 166
97 169
97 170
97 173
97 176
97 182
97 183
97 186
97 187
97 188
97 190
97 199
97 200
98 102
98 105
98 108
98 115
98 125
98 127
98 132
98 133
98 138
98 139
98 140
98 143
98 146
98 147
98 155
98 156
98 158
98 162
98 170
98 181
98 182
98 184
98 185
98 189
98 191
98 192
98 195
99 102
99 108
99 113
99 116
99 117
99 122
99 124
99 125
99 127
99 130
99 131
99 132
99 134
99 136
99 138
99 140
99 143
99 149
99 152
99 156
99 161
99 165
99 166
99 175
99 176
99 177
99 181
99 184
99 187
99 195
99 196
99 199
99 200
100 107
100 108
100 111
100 113
100 114
100 118
100 132
100 133
100 136
100 145
100 150
100 155
100 157
100 159
100 162
100 170
100 171
100 182
100 187
100 188
100 190
100 193
100 195
100 199
