120 120 5
1	216
1	183
1	225
1	205
1	170
1	168
1	195
1	131
1	178
1	135
1	180
1	222
1	212
1	193
1	230
1	142
1	158
1	181
1	147
1	215
1	169
1	152
1	237
1	190
1	172
1	226
1	143
1	207
1	238
1	206
1	234
1	229
1	213
1	187
1	157
1	141
1	194
1	186
1	137
1	198
1	223
1	140
1	127
1	148
1	165
1	154
1	228
1	224
1	196
1	201
1	174
1	177
1	161
1	130
1	203
1	211
1	232
1	214
1	151
1	176
1	202
1	122
1	144
1	200
1	189
1	156
1	239
1	124
1	125
1	197
1	182
1	240
1	219
1	129
1	192
1	160
1	210
1	136
1	167
1	208
1	199
1	173
1	171
1	162
1	132
1	218
1	204
1	235
2	122
2	184
2	237
2	187
2	138
2	134
2	166
2	208
2	139
2	161
2	195
2	147
2	212
2	180
2	233
2	140
2	199
2	206
2	164
2	163
2	135
2	174
2	183
2	225
2	156
2	218
2	172
2	192
2	185
2	158
2	232
2	154
2	123
2	211
2	126
2	162
2	213
2	143
2	205
2	189
2	220
2	238
2	214
2	201
2	203
2	146
2	177
2	178
2	148
2	165
2	171
2	226
2	168
2	182
2	235
2	207
2	124
2	153
2	133
2	159
2	131
2	170
2	222
2	150
2	204
2	179
2	186
2	202
2	224
2	240
2	193
2	197
2	136
2	145
2	175
2	191
2	127
2	149
2	200
3	164
3	232
3	160
3	199
3	227
3	213
3	138
3	129
3	147
3	217
3	201
3	122
3	174
3	169
3	163
3	224
3	184
3	121
3	157
3	154
3	170
3	238
3	223
3	167
3	130
3	233
3	176
3	187
3	132
3	165
3	190
3	208
3	131
3	166
3	197
3	210
3	185
3	155
3	144
3	191
3	150
3	172
3	136
3	205
3	127
3	211
3	173
3	189
3	222
3	123
3	198
3	234
3	134
3	200
3	175
3	240
3	159
3	188
3	214
3	194
3	216
3	152
3	142
3	171
3	162
3	180
3	133
3	151
3	145
3	221
3	219
3	161
3	148
3	178
3	124
3	179
3	128
3	143
3	230
3	202
3	235
3	141
3	156
3	231
3	236
4	222
4	224
4	149
4	159
4	169
4	166
4	221
4	121
4	210
4	217
4	239
4	143
4	145
4	168
4	202
4	136
4	135
4	195
4	180
4	235
4	214
4	128
4	194
4	125
4	130
4	154
4	240
4	171
4	205
4	174
4	146
4	216
4	155
4	138
4	124
4	123
4	141
4	191
4	137
4	192
4	164
4	187
4	179
4	177
4	233
4	234
4	206
4	165
4	186
4	225
4	144
4	129
4	175
4	190
4	199
4	167
4	188
4	172
4	150
4	212
4	226
4	227
4	127
4	163
4	218
4	207
4	208
4	182
4	162
4	152
4	237
4	176
4	153
4	219
4	170
4	160
4	223
4	201
4	140
4	230
4	185
4	151
4	173
4	156
4	236
5	230
5	149
5	163
5	178
5	219
5	183
5	212
5	150
5	186
5	223
5	204
5	215
5	166
5	147
5	179
5	224
5	167
5	165
5	129
5	214
5	187
5	206
5	180
5	231
5	218
5	184
5	240
5	200
5	138
5	154
5	192
5	133
5	225
5	121
5	221
5	191
5	168
5	210
5	177
5	193
5	205
5	162
5	228
5	195
5	136
5	142
5	182
5	176
5	232
5	217
5	159
5	199
5	157
5	173
5	202
5	216
5	226
5	152
5	164
5	201
5	171
5	196
5	132
5	207
5	198
5	146
5	145
5	236
5	190
5	203
5	213
5	144
5	158
5	148
5	194
5	169
5	172
5	155
5	141
5	227
5	126
5	131
5	220
5	143
6	168
6	218
6	234
6	225
6	174
6	134
6	231
6	150
6	227
6	122
6	213
6	132
6	124
6	125
6	182
6	171
6	220
6	238
6	229
6	138
6	208
6	223
6	129
6	233
6	123
6	210
6	145
6	198
6	230
6	204
6	192
6	199
6	228
6	126
6	187
6	172
6	189
6	176
6	144
6	148
6	137
6	147
6	203
6	130
6	162
6	211
6	155
6	153
6	184
6	135
6	152
6	178
6	165
6	224
6	127
6	212
6	160
6	156
6	216
6	240
6	133
6	179
6	180
6	139
6	201
6	235
6	143
6	215
6	161
6	151
6	219
6	128
6	163
6	149
6	169
6	154
6	185
6	239
6	222
6	190
6	200
6	214
6	197
6	157
7	221
7	121
7	214
7	175
7	228
7	215
7	188
7	152
7	233
7	166
7	135
7	130
7	201
7	229
7	189
7	157
7	177
7	165
7	160
7	176
7	240
7	122
7	148
7	173
7	132
7	238
7	209
7	218
7	206
7	230
7	198
7	174
7	217
7	196
7	195
7	133
7	168
7	192
7	147
7	234
7	164
7	219
7	158
7	161
7	226
7	141
7	154
7	172
7	203
7	187
7	184
7	162
7	227
7	142
7	155
7	124
7	197
7	202
7	236
7	150
7	143
7	213
7	146
7	127
7	144
7	183
7	190
7	159
7	138
7	181
7	205
7	191
7	199
7	170
7	223
7	178
7	222
8	224
8	148
8	204
8	157
8	214
8	124
8	239
8	225
8	121
8	171
8	170
8	231
8	166
8	236
8	232
8	238
8	240
8	197
8	138
8	181
8	234
8	130
8	222
8	168
8	191
8	161
8	215
8	122
8	149
8	151
8	188
8	210
8	189
8	133
8	180
8	193
8	174
8	237
8	195
8	147
8	127
8	202
8	159
8	173
8	162
8	164
8	175
8	126
8	140
8	211
8	153
8	156
8	134
8	160
8	190
8	179
8	141
8	177
8	219
8	154
8	176
8	200
8	145
8	226
8	165
8	207
8	135
8	128
8	203
8	235
8	146
8	218
8	230
8	217
8	198
8	172
8	233
8	144
8	183
8	206
8	132
8	182
8	142
8	186
8	129
8	220
8	223
8	187
9	152
9	135
9	169
9	133
9	122
9	240
9	198
9	239
9	202
9	155
9	219
9	212
9	153
9	214
9	168
9	215
9	165
9	172
9	161
9	177
9	171
9	223
9	126
9	209
9	137
9	217
9	213
9	160
9	195
9	211
9	206
9	156
9	225
9	236
9	180
9	154
9	157
9	124
9	178
9	145
9	179
9	125
9	196
9	141
9	191
9	185
9	148
9	237
9	192
9	221
9	144
9	173
9	205
9	162
9	147
9	164
9	210
9	226
9	201
9	127
9	129
9	208
9	134
9	228
9	182
9	227
9	190
9	200
9	232
9	132
9	146
9	230
9	184
9	136
9	131
9	194
9	183
9	150
9	216
9	204
10	226
10	126
10	199
10	228
10	181
10	147
10	143
10	160
10	169
10	148
10	209
10	218
10	130
10	140
10	200
10	159
10	178
10	240
10	123
10	204
10	122
10	235
10	145
10	154
10	232
10	134
10	186
10	165
10	211
10	220
10	182
10	190
10	163
10	193
10	196
10	230
10	236
10	121
10	224
10	168
10	171
10	222
10	206
10	195
10	173
10	215
10	216
10	212
10	144
10	176
10	183
10	133
10	139
10	131
10	219
10	167
10	213
10	238
10	156
10	198
10	174
10	146
10	214
10	170
10	203
10	208
10	125
10	179
10	189
10	202
10	124
10	207
10	192
10	191
10	138
10	197
10	129
10	217
10	227
10	142
11	200
11	199
11	125
11	160
11	121
11	190
11	214
11	226
11	206
11	137
11	126
11	238
11	123
11	194
11	202
11	197
11	183
11	198
11	224
11	148
11	177
11	205
11	232
11	132
11	180
11	147
11	135
11	185
11	188
11	134
11	220
11	178
11	173
11	175
11	144
11	212
11	210
11	170
11	211
11	223
11	186
11	196
11	204
11	189
11	174
11	195
11	207
11	209
11	215
11	230
11	131
11	218
11	127
11	240
11	179
11	182
11	151
11	139
11	217
11	234
11	155
11	225
11	236
11	158
11	149
11	219
11	122
11	159
11	167
11	161
11	193
11	192
11	216
11	129
11	165
11	130
11	231
11	145
11	141
11	208
11	156
11	235
11	228
11	142
12	187
12	163
12	189
12	215
12	129
12	167
12	231
12	185
12	159
12	176
12	201
12	178
12	234
12	179
12	237
12	133
12	144
12	150
12	170
12	134
12	136
12	225
12	217
12	219
12	202
12	238
12	213
12	233
12	162
12	207
12	227
12	126
12	208
12	228
12	155
12	195
12	235
12	131
12	141
12	197
12	168
12	142
12	122
12	194
12	147
12	121
12	132
12	192
12	145
12	191
12	138
12	226
12	210
12	125
12	161
12	236
12	128
12	216
12	193
12	156
12	224
12	200
12	206
12	157
12	240
12	204
12	151
12	152
12	198
12	211
12	239
12	182
12	164
12	205
12	166
12	173
12	175
12	199
12	181
12	222
12	165
12	221
12	183
12	184
13	130
13	178
13	213
13	232
13	175
13	211
13	235
13	151
13	223
13	159
13	240
13	184
13	190
13	169
13	191
13	128
13	160
13	134
13	135
13	225
13	183
13	199
13	231
13	148
13	233
13	201
13	146
13	188
13	204
13	162
13	234
13	132
13	187
13	173
13	123
13	136
13	137
13	239
13	161
13	140
13	200
13	194
13	156
13	143
13	168
13	163
13	144
13	133
13	207
13	238
13	203
13	138
13	192
13	150
13	222
13	180
13	129
13	131
13	174
13	125
13	164
13	124
13	224
13	236
13	197
13	171
13	221
13	228
13	193
13	179
13	206
13	142
13	186
13	154
13	122
13	145
13	202
13	219
13	149
14	161
14	208
14	193
14	152
14	150
14	131
14	157
14	186
14	234
14	209
14	169
14	144
14	217
14	191
14	164
14	130
14	127
14	204
14	126
14	156
14	200
14	149
14	220
14	225
14	173
14	146
14	199
14	215
14	139
14	207
14	235
14	212
14	214
14	218
14	170
14	159
14	195
14	153
14	190
14	230
14	185
14	192
14	236
14	135
14	137
14	138
14	128
14	134
14	171
14	240
14	213
14	122
14	210
14	233
14	184
14	123
14	132
14	229
14	174
14	129
14	140
14	201
14	194
14	237
14	203
14	222
14	147
14	162
14	179
14	202
14	238
14	177
14	189
14	178
14	145
14	142
14	196
14	158
14	205
15	179
15	135
15	161
15	150
15	225
15	130
15	177
15	188
15	216
15	194
15	143
15	196
15	175
15	186
15	238
15	127
15	146
15	224
15	231
15	230
15	187
15	169
15	159
15	221
15	209
15	126
15	193
15	180
15	197
15	156
15	137
15	239
15	213
15	214
15	208
15	162
15	226
15	198
15	228
15	129
15	158
15	227
15	141
15	176
15	140
15	144
15	204
15	223
15	147
15	122
15	128
15	172
15	121
15	133
15	152
15	218
15	236
15	157
15	167
15	153
15	154
15	170
15	210
15	233
15	184
15	174
15	205
15	148
15	215
15	163
15	195
15	125
15	123
15	155
15	219
15	165
15	190
15	211
15	222
15	142
15	237
16	192
16	216
16	167
16	141
16	203
16	214
16	179
16	197
16	221
16	199
16	226
16	151
16	196
16	200
16	212
16	217
16	202
16	177
16	186
16	220
16	232
16	140
16	190
16	157
16	160
16	201
16	181
16	132
16	147
16	238
16	153
16	230
16	166
16	233
16	133
16	211
16	223
16	183
16	150
16	172
16	127
16	210
16	228
16	138
16	205
16	234
16	137
16	156
16	126
16	146
16	164
16	225
16	125
16	124
16	123
16	235
16	158
16	135
16	224
16	187
16	130
16	145
16	218
16	240
16	207
16	189
16	148
16	149
16	194
16	213
16	134
16	163
16	136
16	182
16	209
16	237
16	144
16	143
16	198
16	176
16	236
16	219
16	206
16	129
16	171
17	138
17	143
17	149
17	181
17	219
17	206
17	215
17	192
17	152
17	221
17	214
17	201
17	142
17	235
17	197
17	184
17	234
17	199
17	134
17	185
17	158
17	137
17	191
17	207
17	187
17	180
17	122
17	183
17	233
17	188
17	211
17	190
17	131
17	151
17	237
17	236
17	189
17	146
17	204
17	166
17	202
17	231
17	208
17	145
17	128
17	226
17	174
17	230
17	239
17	159
17	139
17	123
17	130
17	194
17	168
17	213
17	155
17	144
17	177
17	195
17	133
17	163
17	200
17	125
17	156
17	171
17	182
17	217
17	218
17	162
17	132
17	148
17	124
17	136
17	129
17	223
17	153
17	186
17	140
17	172
17	161
17	160
17	225
17	240
17	193
18	170
18	168
18	163
18	235
18	232
18	223
18	222
18	218
18	133
18	181
18	161
18	169
18	159
18	173
18	128
18	164
18	146
18	227
18	238
18	138
18	171
18	236
18	134
18	151
18	154
18	229
18	185
18	206
18	225
18	195
18	192
18	208
18	215
18	212
18	176
18	214
18	137
18	196
18	193
18	220
18	200
18	230
18	180
18	190
18	197
18	179
18	182
18	124
18	211
18	136
18	153
18	141
18	123
18	174
18	194
18	228
18	167
18	132
18	216
18	157
18	205
18	217
18	130
18	202
18	122
18	143
18	172
18	201
18	213
18	156
18	152
18	142
18	219
18	203
18	186
18	209
18	233
18	127
18	121
18	204
18	187
18	189
18	188
18	150
18	126
18	144
18	234
18	224
18	207
18	129
18	199
18	145
18	184
19	174
19	165
19	194
19	122
19	205
19	176
19	131
19	191
19	188
19	168
19	213
19	183
19	235
19	190
19	142
19	189
19	239
19	198
19	123
19	163
19	155
19	145
19	157
19	234
19	240
19	186
19	233
19	178
19	180
19	127
19	221
19	182
19	228
19	129
19	150
19	204
19	164
19	169
19	185
19	220
19	177
19	179
19	212
19	147
19	196
19	223
19	217
19	230
19	161
19	152
19	162
19	126
19	193
19	143
19	144
19	149
19	208
19	207
19	158
19	229
19	146
19	159
19	167
19	214
19	210
19	141
19	124
19	137
19	225
19	175
19	184
19	135
19	173
19	181
19	128
19	216
19	156
19	154
19	236
19	199
19	238
19	195
19	197
19	160
19	203
19	232
19	218
19	134
19	211
19	139
19	227
20	203
20	198
20	216
20	178
20	220
20	148
20	146
20	187
20	170
20	240
20	157
20	207
20	133
20	239
20	186
20	184
20	201
20	219
20	231
20	183
20	135
20	206
20	218
20	192
20	191
20	213
20	209
20	227
20	156
20	208
20	189
20	122
20	225
20	196
20	124
20	131
20	128
20	168
20	179
20	142
20	127
20	144
20	173
20	221
20	185
20	147
20	177
20	211
20	162
20	141
20	129
20	182
20	194
20	204
20	236
20	223
20	233
20	125
20	238
20	130
20	193
20	235
20	153
20	230
20	166
20	140
20	167
20	202
20	172
20	126
20	188
20	175
20	161
20	181
20	155
20	210
20	121
20	138
20	232
20	171
20	195
20	163
20	149
20	237
20	169
20	152
20	199
21	134
21	238
21	210
21	169
21	126
21	177
21	202
21	162
21	172
21	140
21	217
21	213
21	233
21	218
21	187
21	225
21	146
21	165
21	207
21	157
21	182
21	230
21	171
21	137
21	167
21	239
21	156
21	125
21	192
21	237
21	154
21	216
21	133
21	132
21	181
21	234
21	150
21	168
21	122
21	185
21	196
21	231
21	206
21	131
21	221
21	215
21	214
21	129
21	160
21	204
21	184
21	194
21	147
21	191
21	149
21	121
21	123
21	142
21	236
21	197
21	155
21	158
21	228
21	152
21	175
21	235
21	163
21	229
21	174
21	145
21	240
21	226
21	183
21	148
21	178
21	211
21	195
21	224
21	223
21	130
21	222
21	176
21	179
21	201
21	128
21	161
21	173
21	166
22	140
22	133
22	200
22	156
22	178
22	212
22	207
22	183
22	165
22	131
22	143
22	185
22	214
22	240
22	129
22	127
22	176
22	208
22	146
22	223
22	172
22	171
22	153
22	233
22	138
22	132
22	162
22	125
22	186
22	170
22	203
22	161
22	137
22	136
22	123
22	228
22	163
22	154
22	145
22	134
22	151
22	197
22	220
22	121
22	235
22	193
22	181
22	199
22	202
22	179
22	174
22	182
22	180
22	227
22	187
22	158
22	231
22	173
22	234
22	130
22	237
22	147
22	124
22	225
22	211
22	122
22	190
22	149
22	206
22	152
22	184
22	159
22	141
22	150
22	144
22	236
22	195
22	205
22	194
22	232
22	222
23	178
23	122
23	206
23	157
23	188
23	183
23	150
23	227
23	220
23	199
23	217
23	148
23	136
23	173
23	176
23	145
23	207
23	161
23	152
23	141
23	158
23	221
23	237
23	167
23	198
23	143
23	128
23	138
23	191
23	174
23	140
23	218
23	201
23	213
23	139
23	210
23	228
23	193
23	144
23	233
23	208
23	211
23	133
23	164
23	215
23	230
23	154
23	181
23	214
23	168
23	239
23	240
23	194
23	169
23	236
23	202
23	190
23	192
23	200
23	121
23	223
23	127
23	166
23	131
23	156
23	219
23	238
23	187
23	151
23	204
23	135
23	171
23	162
23	209
23	212
23	159
23	175
23	172
23	197
23	132
24	218
24	144
24	150
24	154
24	233
24	160
24	140
24	234
24	159
24	163
24	145
24	129
24	197
24	147
24	205
24	172
24	175
24	215
24	158
24	196
24	213
24	186
24	199
24	222
24	182
24	122
24	136
24	168
24	198
24	173
24	209
24	177
24	127
24	231
24	236
24	192
24	194
24	146
24	166
24	171
24	219
24	235
24	239
24	143
24	121
24	161
24	228
24	132
24	151
24	225
24	135
24	230
24	190
24	162
24	139
24	189
24	153
24	174
24	138
24	155
24	157
24	214
24	200
24	206
24	152
24	124
24	156
24	210
24	126
24	212
24	134
24	226
24	208
24	142
24	179
24	131
24	167
24	224
24	195
24	130
24	216
24	203
24	211
24	201
24	207
25	181
25	218
25	231
25	238
25	189
25	121
25	167
25	155
25	127
25	193
25	233
25	184
25	149
25	208
25	140
25	191
25	209
25	166
25	159
25	174
25	145
25	214
25	225
25	138
25	153
25	169
25	220
25	152
25	171
25	139
25	135
25	234
25	190
25	128
25	202
25	179
25	219
25	198
25	199
25	129
25	223
25	206
25	161
25	170
25	137
25	216
25	235
25	130
25	204
25	215
25	226
25	165
25	141
25	182
25	186
25	146
25	201
25	185
25	236
25	136
25	200
25	126
25	195
25	148
25	180
25	178
25	173
25	175
25	122
25	212
25	207
25	210
25	213
25	217
25	162
25	221
25	150
25	163
25	222
25	168
25	240
25	123
25	132
25	192
25	177
26	128
26	129
26	182
26	227
26	176
26	221
26	127
26	155
26	142
26	190
26	141
26	165
26	135
26	160
26	201
26	197
26	194
26	144
26	164
26	143
26	175
26	184
26	157
26	214
26	169
26	224
26	131
26	136
26	236
26	202
26	199
26	121
26	166
26	226
26	205
26	189
26	210
26	124
26	126
26	181
26	193
26	233
26	216
26	215
26	173
26	200
26	223
26	125
26	238
26	177
26	217
26	235
26	122
26	158
26	132
26	229
26	183
26	168
26	198
26	231
26	148
26	134
26	196
26	139
26	174
26	225
26	170
26	137
26	123
26	149
26	220
26	207
26	191
26	146
26	219
26	138
26	218
26	211
26	159
26	212
26	195
26	133
26	171
26	161
26	187
27	166
27	235
27	153
27	157
27	138
27	121
27	173
27	168
27	164
27	193
27	232
27	169
27	204
27	184
27	162
27	188
27	180
27	128
27	144
27	132
27	163
27	155
27	185
27	237
27	133
27	203
27	211
27	233
27	189
27	167
27	159
27	134
27	165
27	143
27	160
27	130
27	210
27	140
27	126
27	198
27	149
27	226
27	156
27	192
27	123
27	218
27	220
27	209
27	207
27	200
27	174
27	215
27	199
27	205
27	234
27	146
27	212
27	222
27	196
27	175
27	171
27	221
27	236
27	181
27	201
27	214
27	216
27	125
27	129
27	227
27	225
27	229
27	145
27	148
27	170
27	208
27	177
27	219
27	202
27	122
27	137
27	124
27	141
28	207
28	147
28	164
28	141
28	121
28	235
28	219
28	189
28	150
28	139
28	144
28	187
28	197
28	239
28	160
28	145
28	222
28	231
28	176
28	167
28	149
28	159
28	191
28	200
28	170
28	223
28	154
28	184
28	124
28	195
28	138
28	162
28	225
28	224
28	137
28	132
28	215
28	148
28	209
28	168
28	136
28	178
28	198
28	146
28	155
28	166
28	165
28	161
28	188
28	220
28	232
28	238
28	218
28	237
28	177
28	142
28	135
28	180
28	185
28	193
28	122
28	236
28	233
28	205
28	234
28	192
28	152
28	172
28	202
28	196
28	157
28	186
28	126
28	230
28	171
28	163
28	217
28	213
28	228
28	175
28	194
28	199
28	130
28	201
29	143
29	140
29	133
29	159
29	227
29	230
29	181
29	182
29	152
29	174
29	189
29	128
29	171
29	122
29	183
29	191
29	236
29	167
29	150
29	141
29	173
29	168
29	184
29	161
29	160
29	240
29	187
29	126
29	153
29	228
29	151
29	214
29	127
29	164
29	176
29	192
29	154
29	206
29	179
29	178
29	185
29	137
29	198
29	165
29	209
29	135
29	148
29	147
29	219
29	208
29	139
29	232
29	144
29	211
29	157
29	180
29	238
29	131
29	188
29	200
29	203
29	231
29	162
29	145
29	175
29	193
29	207
29	146
29	220
29	202
29	239
29	205
29	212
29	221
29	163
29	196
29	197
29	169
29	226
29	216
29	134
29	234
29	130
30	210
30	187
30	129
30	212
30	174
30	167
30	171
30	208
30	160
30	153
30	124
30	163
30	188
30	240
30	239
30	213
30	191
30	186
30	198
30	237
30	140
30	184
30	225
30	158
30	207
30	195
30	219
30	205
30	143
30	229
30	125
30	149
30	215
30	175
30	189
30	130
30	128
30	132
30	134
30	190
30	146
30	148
30	165
30	193
30	181
30	168
30	204
30	182
30	126
30	173
30	223
30	234
30	197
30	203
30	147
30	154
30	224
30	179
30	217
30	216
30	238
30	131
30	137
30	206
30	220
30	192
30	121
30	211
30	164
30	135
30	227
30	178
30	222
30	151
30	218
30	233
30	133
30	138
30	162
30	150
30	230
30	200
30	169
31	235
31	163
31	168
31	147
31	174
31	194
31	178
31	240
31	155
31	204
31	227
31	124
31	226
31	129
31	186
31	169
31	177
31	228
31	197
31	208
31	191
31	131
31	234
31	233
31	201
31	121
31	184
31	139
31	207
31	213
31	175
31	210
31	166
31	222
31	239
31	195
31	156
31	126
31	127
31	206
31	176
31	211
31	143
31	150
31	134
31	160
31	214
31	141
31	142
31	146
31	192
31	171
31	130
31	136
31	151
31	133
31	216
31	188
31	198
31	223
31	162
31	182
31	172
31	187
31	189
31	165
31	183
31	190
31	123
31	144
31	196
31	205
31	209
31	170
31	202
31	237
31	220
31	137
31	232
31	154
31	148
31	231
31	225
32	179
32	162
32	149
32	124
32	234
32	210
32	213
32	186
32	193
32	154
32	183
32	171
32	188
32	150
32	175
32	145
32	223
32	205
32	218
32	156
32	146
32	163
32	125
32	141
32	151
32	233
32	122
32	158
32	232
32	215
32	203
32	135
32	219
32	220
32	184
32	226
32	195
32	177
32	206
32	222
32	131
32	173
32	121
32	127
32	214
32	211
32	140
32	143
32	231
32	212
32	192
32	164
32	240
32	133
32	137
32	221
32	174
32	138
32	130
32	236
32	155
32	178
32	216
32	235
32	199
32	152
32	129
32	132
32	237
32	128
32	148
32	166
32	189
32	153
32	196
32	201
32	170
32	123
32	134
32	207
32	180
32	181
32	191
33	160
33	210
33	235
33	177
33	171
33	219
33	184
33	174
33	237
33	194
33	227
33	121
33	122
33	204
33	138
33	135
33	146
33	203
33	215
33	224
33	127
33	123
33	223
33	126
33	232
33	131
33	240
33	217
33	130
33	186
33	128
33	165
33	191
33	151
33	221
33	195
33	179
33	139
33	124
33	230
33	180
33	145
33	200
33	181
33	154
33	155
33	136
33	189
33	170
33	208
33	142
33	239
33	201
33	197
33	176
33	182
33	198
33	212
33	143
33	206
33	192
33	207
33	222
33	238
33	229
33	218
33	234
33	161
33	236
33	164
33	172
33	153
34	151
34	200
34	169
34	207
34	139
34	159
34	163
34	167
34	135
34	211
34	191
34	195
34	194
34	149
34	231
34	204
34	219
34	202
34	129
34	208
34	136
34	127
34	229
34	192
34	155
34	183
34	176
34	203
34	152
34	232
34	172
34	234
34	213
34	186
34	184
34	143
34	123
34	130
34	188
34	182
34	131
34	148
34	158
34	134
34	124
34	215
34	174
34	199
34	221
34	216
34	178
34	165
34	141
34	171
34	217
34	187
34	156
34	197
34	239
34	132
34	206
34	223
34	181
34	201
34	125
34	198
34	133
34	222
34	180
34	121
34	240
34	228
34	238
34	140
34	210
34	212
34	177
34	218
34	161
34	168
34	138
34	230
34	142
34	157
35	163
35	196
35	206
35	226
35	227
35	127
35	169
35	121
35	189
35	233
35	148
35	199
35	128
35	195
35	225
35	222
35	185
35	231
35	192
35	213
35	161
35	179
35	214
35	186
35	147
35	176
35	130
35	178
35	134
35	126
35	146
35	204
35	137
35	142
35	237
35	156
35	145
35	219
35	157
35	190
35	133
35	229
35	220
35	194
35	170
35	123
35	182
35	238
35	184
35	203
35	180
35	201
35	191
35	159
35	129
35	171
35	223
35	215
35	202
35	216
35	132
35	136
35	230
35	125
35	198
35	197
35	173
35	174
35	239
35	212
35	175
35	210
35	152
35	139
35	162
35	218
35	208
35	141
35	236
35	153
35	240
36	196
36	231
36	190
36	199
36	142
36	159
36	169
36	147
36	182
36	206
36	229
36	217
36	171
36	163
36	145
36	122
36	183
36	135
36	221
36	220
36	232
36	208
36	137
36	132
36	152
36	234
36	160
36	219
36	238
36	128
36	138
36	191
36	158
36	240
36	126
36	129
36	178
36	224
36	233
36	230
36	236
36	123
36	156
36	239
36	192
36	227
36	175
36	141
36	166
36	228
36	153
36	222
36	162
36	131
36	203
36	177
36	197
36	148
36	211
36	202
36	187
36	157
36	180
36	213
36	189
36	210
36	140
36	161
36	174
36	179
36	125
36	198
36	237
36	200
36	172
36	124
36	170
36	164
36	235
36	188
36	201
36	150
36	154
36	136
37	226
37	235
37	216
37	188
37	221
37	159
37	240
37	190
37	144
37	131
37	181
37	205
37	167
37	151
37	204
37	145
37	186
37	239
37	173
37	161
37	185
37	232
37	127
37	164
37	228
37	139
37	156
37	136
37	194
37	130
37	155
37	126
37	174
37	122
37	206
37	219
37	180
37	189
37	214
37	208
37	148
37	132
37	160
37	234
37	222
37	168
37	141
37	166
37	149
37	157
37	209
37	195
37	176
37	223
37	196
37	171
37	187
37	123
37	217
37	183
37	212
37	146
37	121
37	128
37	192
37	191
37	158
37	140
37	225
37	193
37	169
37	197
37	227
37	143
37	133
37	203
37	147
37	179
37	177
37	200
37	229
38	163
38	122
38	193
38	125
38	150
38	144
38	175
38	130
38	227
38	134
38	155
38	185
38	217
38	121
38	232
38	177
38	203
38	138
38	196
38	172
38	176
38	231
38	182
38	131
38	173
38	128
38	158
38	229
38	152
38	170
38	219
38	174
38	214
38	239
38	200
38	223
38	169
38	137
38	222
38	145
38	127
38	160
38	143
38	225
38	187
38	195
38	197
38	211
38	189
38	168
38	166
38	162
38	164
38	159
38	206
38	228
38	230
38	220
38	186
38	148
38	154
38	183
38	153
38	181
38	135
38	192
38	205
38	167
38	123
38	194
38	180
38	209
38	226
38	191
38	149
38	202
38	157
38	171
38	201
38	240
38	208
38	147
39	172
39	202
39	173
39	122
39	177
39	194
39	163
39	212
39	237
39	200
39	165
39	240
39	225
39	189
39	128
39	186
39	129
39	195
39	204
39	185
39	145
39	201
39	125
39	210
39	134
39	169
39	238
39	183
39	158
39	133
39	209
39	136
39	149
39	171
39	193
39	147
39	184
39	207
39	197
39	142
39	182
39	211
39	167
39	123
39	155
39	161
39	160
39	188
39	151
39	208
39	229
39	170
39	141
39	228
39	153
39	178
39	236
39	221
39	234
39	192
39	203
39	146
39	131
39	140
39	159
39	154
39	217
39	227
39	174
39	138
39	126
39	191
39	121
39	135
39	213
39	166
39	224
39	164
39	198
39	196
39	187
39	162
39	148
40	192
40	146
40	228
40	157
40	176
40	186
40	196
40	222
40	159
40	122
40	124
40	190
40	204
40	217
40	234
40	129
40	219
40	224
40	171
40	179
40	141
40	198
40	193
40	237
40	205
40	148
40	208
40	128
40	211
40	231
40	214
40	121
40	154
40	230
40	162
40	197
40	151
40	188
40	123
40	140
40	215
40	199
40	169
40	183
40	135
40	127
40	181
40	133
40	132
40	201
40	226
40	131
40	206
40	235
40	225
40	177
40	229
40	149
40	138
40	167
40	170
40	184
40	195
40	223
40	174
40	143
40	130
40	156
40	158
40	173
40	152
40	164
40	145
40	213
40	218
40	209
40	182
40	136
40	220
40	125
40	150
40	166
40	207
40	155
41	184
41	199
41	231
41	220
41	158
41	217
41	146
41	150
41	182
41	219
41	197
41	213
41	238
41	232
41	155
41	209
41	194
41	164
41	133
41	215
41	128
41	142
41	210
41	149
41	162
41	124
41	212
41	151
41	159
41	122
41	168
41	216
41	148
41	161
41	181
41	226
41	223
41	170
41	145
41	202
41	165
41	230
41	175
41	183
41	152
41	154
41	229
41	147
41	167
41	169
41	138
41	200
41	191
41	185
41	198
41	214
41	228
41	190
41	193
41	203
41	129
41	239
41	225
41	174
41	125
41	187
41	172
41	208
41	218
41	240
41	127
41	141
41	153
41	171
41	163
41	135
41	130
41	143
41	192
41	195
42	220
42	219
42	230
42	149
42	128
42	225
42	157
42	190
42	213
42	133
42	204
42	208
42	239
42	215
42	202
42	186
42	160
42	168
42	209
42	221
42	210
42	240
42	144
42	174
42	200
42	140
42	169
42	217
42	196
42	155
42	156
42	124
42	182
42	198
42	229
42	195
42	148
42	138
42	214
42	211
42	122
42	130
42	226
42	147
42	228
42	223
42	167
42	131
42	235
42	121
42	224
42	176
42	180
42	231
42	145
42	193
42	181
42	129
42	146
42	227
42	163
42	154
42	218
42	126
42	185
42	151
42	164
42	233
42	203
42	216
42	166
42	170
42	152
42	125
42	136
42	192
42	232
42	172
42	153
43	216
43	177
43	214
43	185
43	202
43	157
43	219
43	170
43	195
43	165
43	192
43	132
43	230
43	160
43	143
43	162
43	175
43	135
43	207
43	188
43	238
43	201
43	225
43	194
43	155
43	205
43	240
43	131
43	149
43	163
43	212
43	229
43	183
43	147
43	209
43	144
43	213
43	151
43	233
43	169
43	148
43	224
43	236
43	174
43	198
43	156
43	208
43	222
43	189
43	223
43	221
43	204
43	235
43	226
43	210
43	178
43	218
43	217
43	193
43	145
43	130
43	181
43	127
43	232
43	184
43	126
43	186
43	164
43	161
43	179
43	237
43	200
43	171
43	136
43	231
43	142
43	220
43	191
43	125
43	141
43	182
44	214
44	163
44	168
44	203
44	148
44	189
44	238
44	216
44	143
44	212
44	196
44	173
44	178
44	240
44	234
44	140
44	165
44	186
44	191
44	204
44	188
44	153
44	229
44	207
44	136
44	131
44	126
44	121
44	187
44	133
44	206
44	167
44	210
44	183
44	155
44	176
44	169
44	215
44	135
44	218
44	128
44	125
44	237
44	174
44	149
44	142
44	141
44	154
44	208
44	171
44	226
44	134
44	151
44	192
44	181
44	122
44	194
44	146
44	190
44	139
44	161
44	159
44	158
44	232
44	166
44	230
44	225
44	185
44	129
44	145
44	195
44	130
44	221
44	177
44	150
44	200
44	175
44	201
44	138
44	228
44	156
45	185
45	189
45	175
45	160
45	218
45	144
45	125
45	195
45	181
45	221
45	179
45	216
45	215
45	188
45	220
45	150
45	192
45	132
45	134
45	178
45	127
45	152
45	168
45	228
45	233
45	161
45	196
45	212
45	217
45	206
45	210
45	148
45	177
45	145
45	151
45	141
45	147
45	170
45	164
45	122
45	182
45	193
45	133
45	190
45	124
45	240
45	187
45	142
45	222
45	153
45	174
45	198
45	138
45	197
45	226
45	191
45	163
45	236
45	139
45	225
45	129
45	200
45	230
45	186
45	209
45	202
45	154
45	162
45	126
45	131
45	165
45	128
45	121
45	159
45	224
45	169
45	176
45	183
45	223
45	213
45	140
45	158
45	201
45	203
45	137
45	194
45	227
46	181
46	144
46	195
46	220
46	178
46	214
46	233
46	129
46	131
46	217
46	182
46	200
46	122
46	218
46	204
46	219
46	210
46	151
46	216
46	224
46	135
46	126
46	207
46	191
46	140
46	171
46	124
46	199
46	141
46	211
46	213
46	152
46	127
46	221
46	166
46	162
46	169
46	130
46	228
46	190
46	163
46	237
46	175
46	222
46	172
46	123
46	147
46	189
46	185
46	170
46	186
46	229
46	239
46	193
46	125
46	134
46	176
46	156
46	196
46	145
46	146
46	183
46	235
46	138
46	203
46	188
46	167
46	215
46	187
46	234
46	159
46	136
46	128
46	179
46	223
47	188
47	165
47	222
47	185
47	196
47	134
47	159
47	145
47	149
47	164
47	161
47	163
47	233
47	173
47	227
47	174
47	152
47	168
47	239
47	217
47	240
47	160
47	223
47	125
47	204
47	169
47	135
47	177
47	143
47	213
47	136
47	194
47	144
47	146
47	156
47	157
47	183
47	132
47	201
47	150
47	153
47	151
47	224
47	130
47	172
47	139
47	231
47	158
47	129
47	187
47	178
47	179
47	126
47	131
47	180
47	167
47	181
47	166
47	225
47	191
47	147
47	128
47	182
47	238
47	133
47	138
47	219
47	121
47	141
47	148
47	155
47	210
47	221
47	220
47	193
47	192
47	170
47	184
47	171
47	190
47	140
47	237
47	195
47	232
48	146
48	223
48	198
48	237
48	133
48	166
48	220
48	234
48	207
48	132
48	177
48	199
48	187
48	217
48	216
48	175
48	159
48	127
48	210
48	163
48	165
48	171
48	169
48	184
48	156
48	189
48	151
48	134
48	121
48	203
48	218
48	191
48	125
48	136
48	212
48	233
48	215
48	200
48	155
48	123
48	139
48	238
48	186
48	124
48	227
48	206
48	240
48	190
48	173
48	140
48	239
48	147
48	228
48	143
48	201
48	157
48	193
48	158
48	182
48	183
48	150
48	225
48	160
48	194
48	232
48	152
48	148
48	214
48	137
48	204
48	129
48	162
48	211
48	161
48	142
48	197
49	174
49	180
49	240
49	141
49	173
49	225
49	216
49	236
49	189
49	149
49	204
49	235
49	158
49	156
49	201
49	226
49	169
49	223
49	215
49	123
49	199
49	193
49	172
49	133
49	195
49	144
49	222
49	219
49	220
49	182
49	157
49	161
49	177
49	176
49	191
49	153
49	217
49	122
49	132
49	188
49	200
49	139
49	212
49	171
49	125
49	136
49	155
49	147
49	152
49	202
49	130
49	230
49	124
49	198
49	186
49	159
49	211
49	164
49	221
49	135
49	142
49	167
49	206
49	229
49	140
49	209
49	208
49	127
49	194
49	234
49	178
49	166
49	183
49	134
49	187
49	145
49	214
49	146
49	131
49	181
49	239
49	210
49	168
49	184
50	158
50	156
50	206
50	159
50	161
50	149
50	164
50	209
50	140
50	176
50	125
50	224
50	154
50	121
50	141
50	222
50	198
50	225
50	221
50	183
50	162
50	235
50	152
50	165
50	223
50	211
50	130
50	131
50	155
50	150
50	200
50	138
50	218
50	169
50	170
50	163
50	202
50	239
50	134
50	232
50	216
50	175
50	188
50	233
50	194
50	123
50	212
50	177
50	180
50	238
50	179
50	215
50	189
50	217
50	234
50	146
50	213
50	199
50	181
50	128
50	144
50	182
50	139
50	147
50	207
50	214
50	153
50	237
50	136
50	231
50	173
50	229
50	166
50	135
50	204
50	196
50	226
50	208
50	186
50	160
50	172
50	143
50	203
50	167
50	171
50	193
51	231
51	204
51	126
51	147
51	220
51	137
51	169
51	182
51	177
51	194
51	190
51	210
51	239
51	138
51	207
51	135
51	233
51	228
51	209
51	124
51	203
51	123
51	167
51	152
51	150
51	238
51	157
51	142
51	196
51	164
51	134
51	136
51	178
51	185
51	192
51	222
51	206
51	143
51	127
51	170
51	141
51	218
51	198
51	229
51	161
51	236
51	155
51	232
51	211
51	202
51	175
51	235
51	179
51	172
51	151
51	225
51	193
51	188
51	159
51	181
51	148
51	189
51	200
51	223
51	165
51	174
51	227
51	237
51	133
51	184
51	154
51	195
51	221
51	162
51	219
51	216
51	144
51	201
51	158
51	139
51	122
51	191
52	158
52	134
52	135
52	174
52	205
52	122
52	172
52	148
52	240
52	196
52	159
52	202
52	234
52	184
52	176
52	188
52	189
52	167
52	155
52	209
52	198
52	206
52	215
52	238
52	222
52	200
52	146
52	165
52	181
52	123
52	124
52	126
52	214
52	212
52	220
52	182
52	138
52	195
52	164
52	193
52	169
52	213
52	168
52	204
52	156
52	151
52	207
52	231
52	131
52	192
52	185
52	218
52	183
52	178
52	221
52	179
52	128
52	194
52	219
52	237
52	145
52	152
52	162
52	163
52	170
52	144
52	228
52	239
52	227
52	130
52	161
52	224
52	142
52	136
52	180
52	133
52	150
52	149
52	143
52	175
52	187
52	157
52	210
52	129
52	127
52	203
53	143
53	197
53	141
53	172
53	132
53	134
53	219
53	204
53	156
53	224
53	168
53	231
53	169
53	157
53	127
53	131
53	146
53	221
53	181
53	151
53	209
53	150
53	205
53	148
53	175
53	171
53	167
53	194
53	189
53	166
53	202
53	214
53	217
53	200
53	206
53	121
53	164
53	225
53	158
53	149
53	165
53	177
53	133
53	183
53	152
53	126
53	163
53	184
53	195
53	145
53	240
53	234
53	123
53	153
53	122
53	186
53	211
53	213
53	154
53	220
53	235
53	191
53	173
53	238
53	144
53	182
53	192
53	159
53	170
53	190
53	180
53	179
53	223
53	137
53	147
53	188
53	229
53	140
53	161
53	239
53	216
53	174
53	196
53	135
53	203
54	146
54	224
54	199
54	132
54	148
54	121
54	228
54	200
54	128
54	137
54	159
54	208
54	201
54	170
54	168
54	149
54	134
54	211
54	197
54	163
54	207
54	231
54	131
54	182
54	239
54	152
54	161
54	155
54	150
54	232
54	222
54	136
54	135
54	172
54	165
54	162
54	209
54	215
54	219
54	177
54	235
54	216
54	144
54	227
54	226
54	143
54	223
54	145
54	217
54	147
54	156
54	188
54	123
54	153
54	198
54	187
54	230
54	229
54	164
54	160
54	196
54	183
54	171
54	133
54	181
54	154
54	205
54	218
54	214
54	206
54	204
54	238
54	221
54	129
54	130
54	194
54	151
54	213
54	202
54	142
54	190
55	181
55	216
55	236
55	232
55	229
55	165
55	234
55	145
55	200
55	218
55	194
55	235
55	151
55	179
55	170
55	158
55	230
55	121
55	213
55	139
55	164
55	167
55	217
55	125
55	193
55	178
55	133
55	166
55	237
55	196
55	225
55	238
55	127
55	173
55	227
55	184
55	169
55	163
55	183
55	204
55	153
55	203
55	149
55	126
55	176
55	141
55	157
55	233
55	132
55	138
55	137
55	187
55	210
55	198
55	192
55	171
55	168
55	205
55	224
55	208
55	159
55	219
55	185
55	197
55	215
55	189
55	206
55	239
55	190
55	155
55	124
55	220
55	177
55	142
55	135
55	148
55	188
56	198
56	171
56	134
56	185
56	152
56	136
56	146
56	129
56	126
56	205
56	128
56	219
56	212
56	156
56	137
56	130
56	155
56	153
56	122
56	181
56	174
56	236
56	170
56	234
56	196
56	175
56	142
56	131
56	158
56	189
56	192
56	162
56	204
56	182
56	143
56	203
56	154
56	197
56	238
56	139
56	125
56	216
56	177
56	235
56	165
56	127
56	147
56	144
56	123
56	191
56	233
56	199
56	121
56	148
56	207
56	226
56	164
56	227
56	228
56	220
56	140
56	172
56	124
56	224
56	217
56	133
56	176
56	194
56	239
56	230
56	168
56	225
56	169
56	167
56	222
56	151
56	141
57	239
57	181
57	192
57	235
57	216
57	195
57	147
57	228
57	168
57	143
57	126
57	122
57	193
57	159
57	198
57	203
57	145
57	199
57	237
57	222
57	128
57	132
57	233
57	124
57	176
57	175
57	236
57	140
57	211
57	163
57	130
57	225
57	204
57	136
57	187
57	196
57	177
57	202
57	171
57	197
57	186
57	185
57	164
57	134
57	127
57	238
57	153
57	215
57	173
57	162
57	165
57	188
57	155
57	158
57	182
57	151
57	201
57	160
57	190
57	189
57	152
57	223
57	172
57	166
57	240
57	156
57	206
57	200
57	170
57	231
57	217
57	149
57	229
57	180
57	157
57	174
57	224
57	146
57	227
57	161
58	128
58	144
58	121
58	185
58	151
58	126
58	173
58	235
58	202
58	191
58	150
58	223
58	205
58	165
58	240
58	208
58	141
58	125
58	135
58	143
58	175
58	206
58	161
58	218
58	166
58	222
58	209
58	123
58	162
58	210
58	157
58	213
58	220
58	153
58	127
58	192
58	147
58	216
58	199
58	200
58	183
58	182
58	156
58	237
58	138
58	227
58	225
58	131
58	129
58	167
58	184
58	207
58	238
58	139
58	204
58	211
58	215
58	190
58	133
58	160
58	194
58	177
58	219
58	164
58	174
58	170
58	146
58	180
58	171
58	124
58	168
58	230
58	228
58	136
58	163
58	201
58	234
58	122
58	193
58	221
58	217
58	172
58	130
58	149
58	137
58	132
58	212
59	136
59	189
59	233
59	180
59	188
59	129
59	141
59	159
59	219
59	125
59	130
59	126
59	217
59	178
59	227
59	169
59	220
59	128
59	238
59	146
59	209
59	154
59	187
59	147
59	240
59	121
59	207
59	164
59	204
59	225
59	152
59	218
59	134
59	163
59	223
59	179
59	231
59	184
59	195
59	221
59	138
59	174
59	197
59	210
59	186
59	133
59	201
59	183
59	211
59	123
59	143
59	177
59	185
59	167
59	132
59	127
59	165
59	193
59	158
59	168
59	139
59	153
59	145
59	171
59	196
59	202
59	124
59	228
59	131
59	239
59	232
59	237
59	160
59	144
59	135
59	192
59	216
59	224
59	236
59	229
59	173
59	150
60	134
60	123
60	131
60	122
60	142
60	212
60	176
60	230
60	221
60	143
60	157
60	148
60	216
60	162
60	202
60	213
60	239
60	205
60	233
60	209
60	192
60	140
60	161
60	139
60	238
60	168
60	182
60	124
60	235
60	136
60	222
60	189
60	156
60	208
60	137
60	154
60	135
60	204
60	225
60	150
60	226
60	215
60	149
60	159
60	144
60	133
60	194
60	214
60	158
60	223
60	125
60	224
60	170
60	217
60	183
60	165
60	190
60	234
60	152
60	181
60	200
60	173
60	228
60	127
60	187
60	172
60	185
60	199
60	197
60	129
60	201
60	175
60	126
60	121
60	210
60	193
60	218
60	141
60	196
60	177
60	180
61	231
61	166
61	185
61	206
61	143
61	240
61	224
61	171
61	225
61	144
61	233
61	187
61	149
61	195
61	122
61	219
61	146
61	170
61	223
61	177
61	156
61	155
61	189
61	138
61	201
61	184
61	207
61	180
61	157
61	136
61	167
61	182
61	216
61	212
61	232
61	226
61	218
61	227
61	162
61	214
61	217
61	179
61	145
61	163
61	169
61	230
61	123
61	238
61	176
61	178
61	131
61	175
61	128
61	203
61	132
61	134
61	125
61	236
61	142
61	209
61	154
61	204
61	199
61	172
61	190
61	235
61	191
61	205
61	183
61	193
61	188
61	160
61	237
61	140
61	127
61	221
61	208
61	137
61	210
61	152
62	183
62	224
62	202
62	236
62	231
62	232
62	201
62	172
62	237
62	136
62	140
62	206
62	129
62	157
62	186
62	159
62	163
62	184
62	180
62	131
62	155
62	179
62	124
62	162
62	207
62	148
62	167
62	200
62	199
62	196
62	230
62	156
62	170
62	128
62	225
62	190
62	154
62	121
62	217
62	173
62	216
62	210
62	198
62	188
62	193
62	223
62	192
62	218
62	168
62	220
62	130
62	203
62	150
62	145
62	197
62	175
62	123
62	161
62	176
62	137
62	213
62	229
62	182
62	211
62	164
62	239
62	152
62	235
62	165
62	151
62	215
62	178
62	133
62	189
62	158
62	219
62	135
62	169
62	234
62	204
62	205
62	222
62	233
62	138
62	187
62	212
63	167
63	225
63	172
63	125
63	231
63	214
63	189
63	175
63	128
63	171
63	170
63	137
63	153
63	187
63	212
63	135
63	129
63	142
63	204
63	230
63	149
63	206
63	127
63	157
63	202
63	211
63	166
63	233
63	155
63	213
63	173
63	192
63	216
63	176
63	221
63	239
63	188
63	234
63	191
63	224
63	207
63	141
63	131
63	185
63	182
63	217
63	232
63	198
63	222
63	160
63	186
63	154
63	163
63	181
63	236
63	121
63	184
63	123
63	124
63	144
63	156
63	223
63	215
63	228
63	237
63	180
63	197
63	178
63	147
63	195
63	159
63	126
63	133
63	145
63	199
63	122
63	183
63	151
63	240
63	165
63	130
63	162
63	219
63	218
63	164
63	132
63	143
63	174
63	235
64	232
64	229
64	149
64	193
64	159
64	195
64	132
64	165
64	158
64	184
64	173
64	198
64	220
64	136
64	139
64	238
64	137
64	174
64	128
64	175
64	225
64	142
64	157
64	170
64	168
64	129
64	194
64	224
64	212
64	204
64	214
64	230
64	150
64	124
64	152
64	131
64	176
64	127
64	185
64	148
64	179
64	169
64	233
64	202
64	199
64	223
64	141
64	138
64	177
64	163
64	201
64	133
64	215
64	236
64	208
64	213
64	164
64	125
64	234
64	227
64	218
64	153
64	200
64	143
64	182
64	126
64	154
64	130
64	178
64	188
64	209
64	206
64	190
64	221
64	135
64	207
64	161
64	231
64	167
65	168
65	141
65	159
65	215
65	233
65	142
65	218
65	230
65	157
65	135
65	128
65	193
65	197
65	171
65	139
65	132
65	240
65	185
65	196
65	172
65	134
65	192
65	201
65	140
65	228
65	167
65	235
65	238
65	227
65	125
65	122
65	148
65	146
65	207
65	226
65	155
65	216
65	202
65	179
65	189
65	213
65	176
65	195
65	143
65	191
65	200
65	186
65	236
65	158
65	156
65	182
65	184
65	137
65	187
65	169
65	239
65	124
65	183
65	166
65	145
65	205
65	127
65	129
65	138
65	151
65	165
65	232
65	174
65	203
65	154
65	162
65	237
65	180
65	221
66	172
66	149
66	122
66	213
66	194
66	123
66	128
66	195
66	166
66	129
66	121
66	130
66	175
66	177
66	191
66	163
66	126
66	220
66	179
66	233
66	152
66	174
66	133
66	221
66	228
66	162
66	182
66	157
66	199
66	156
66	240
66	125
66	210
66	229
66	124
66	185
66	215
66	217
66	216
66	239
66	183
66	236
66	178
66	169
66	188
66	232
66	167
66	201
66	146
66	203
66	142
66	226
66	235
66	205
66	160
66	147
66	197
66	137
66	200
66	189
66	186
66	164
66	223
66	131
66	208
66	211
66	227
66	231
66	150
66	237
66	135
66	209
66	134
66	192
66	165
66	171
66	190
66	144
66	219
67	214
67	216
67	196
67	226
67	203
67	205
67	125
67	121
67	153
67	235
67	178
67	136
67	213
67	215
67	170
67	135
67	181
67	192
67	146
67	145
67	139
67	218
67	167
67	212
67	186
67	162
67	233
67	206
67	138
67	127
67	159
67	209
67	219
67	204
67	189
67	133
67	195
67	197
67	151
67	155
67	148
67	161
67	126
67	122
67	191
67	124
67	230
67	168
67	187
67	164
67	180
67	234
67	199
67	231
67	200
67	236
67	194
67	190
67	220
67	238
67	240
67	131
67	174
67	154
67	171
67	210
67	152
67	149
67	158
67	202
67	183
67	198
67	208
67	157
67	225
67	172
67	166
67	176
68	221
68	128
68	153
68	184
68	227
68	210
68	217
68	220
68	152
68	228
68	234
68	175
68	136
68	215
68	182
68	195
68	148
68	141
68	216
68	167
68	199
68	146
68	205
68	144
68	176
68	179
68	173
68	171
68	188
68	174
68	197
68	151
68	150
68	238
68	125
68	224
68	142
68	165
68	208
68	207
68	140
68	219
68	196
68	187
68	206
68	143
68	226
68	232
68	201
68	204
68	132
68	191
68	233
68	192
68	236
68	230
68	169
68	170
68	198
68	164
68	222
68	147
68	155
68	177
68	193
68	213
68	189
68	160
68	200
68	154
68	161
68	134
68	225
68	172
68	129
68	163
68	190
68	158
68	202
68	183
69	236
69	172
69	199
69	204
69	153
69	205
69	240
69	180
69	143
69	162
69	228
69	164
69	124
69	191
69	184
69	149
69	212
69	152
69	227
69	139
69	121
69	207
69	238
69	189
69	230
69	234
69	186
69	166
69	148
69	181
69	179
69	239
69	169
69	155
69	174
69	210
69	178
69	202
69	229
69	201
69	144
69	158
69	126
69	133
69	137
69	225
69	190
69	231
69	130
69	175
69	167
69	217
69	221
69	129
69	211
69	208
69	122
69	187
69	198
69	170
69	160
69	147
69	173
69	163
69	214
69	123
69	194
69	142
69	128
69	168
69	171
69	127
69	185
69	146
69	177
69	183
69	223
69	141
69	150
69	192
69	193
69	135
69	226
69	132
69	176
70	207
70	133
70	124
70	129
70	164
70	214
70	138
70	220
70	223
70	136
70	188
70	158
70	151
70	190
70	157
70	185
70	156
70	219
70	216
70	175
70	176
70	152
70	121
70	199
70	225
70	237
70	200
70	209
70	228
70	213
70	144
70	222
70	125
70	196
70	162
70	137
70	180
70	147
70	198
70	182
70	169
70	145
70	221
70	127
70	168
70	132
70	128
70	184
70	179
70	135
70	166
70	140
70	212
70	230
70	167
70	204
70	149
70	235
70	181
70	143
70	160
70	177
70	215
70	231
70	141
70	163
70	178
70	191
70	193
70	203
70	171
70	197
70	211
70	146
70	153
70	155
70	205
70	210
70	234
70	194
71	180
71	128
71	204
71	166
71	237
71	235
71	215
71	226
71	195
71	198
71	199
71	213
71	202
71	208
71	131
71	163
71	132
71	234
71	206
71	176
71	194
71	157
71	238
71	239
71	218
71	122
71	154
71	217
71	221
71	149
71	175
71	192
71	228
71	227
71	146
71	151
71	153
71	200
71	143
71	133
71	214
71	144
71	209
71	193
71	134
71	135
71	197
71	136
71	123
71	170
71	236
71	230
71	139
71	150
71	167
71	130
71	165
71	164
71	188
71	162
71	233
71	142
71	229
71	172
71	125
71	232
71	219
71	186
71	141
71	190
71	159
71	161
71	121
71	185
71	168
71	189
71	220
71	210
71	225
71	174
71	171
71	124
72	172
72	196
72	132
72	135
72	234
72	141
72	210
72	235
72	230
72	163
72	189
72	186
72	203
72	128
72	208
72	153
72	219
72	142
72	134
72	152
72	206
72	199
72	209
72	160
72	192
72	213
72	123
72	197
72	138
72	218
72	201
72	228
72	145
72	164
72	227
72	198
72	183
72	127
72	150
72	217
72	214
72	149
72	173
72	175
72	167
72	225
72	143
72	200
72	194
72	222
72	207
72	156
72	205
72	178
72	182
72	122
72	137
72	204
72	216
72	181
72	215
72	237
72	229
72	193
72	191
72	232
72	231
72	126
72	165
72	166
72	155
72	174
72	158
72	140
72	233
72	185
72	223
72	226
72	162
72	147
72	169
72	154
73	190
73	151
73	154
73	187
73	226
73	210
73	233
73	136
73	176
73	214
73	135
73	216
73	138
73	223
73	161
73	140
73	141
73	218
73	144
73	205
73	157
73	206
73	175
73	127
73	121
73	227
73	163
73	125
73	213
73	129
73	171
73	130
73	224
73	202
73	177
73	203
73	231
73	182
73	195
73	168
73	235
73	164
73	189
73	188
73	180
73	207
73	142
73	204
73	237
73	155
73	200
73	212
73	166
73	230
73	201
73	185
73	143
73	221
73	239
73	165
73	196
73	183
73	215
73	240
73	150
73	169
73	126
73	211
73	174
73	156
73	160
73	191
73	197
73	158
73	139
73	124
73	228
73	220
73	194
73	132
73	123
73	149
73	186
74	149
74	212
74	171
74	198
74	182
74	188
74	205
74	204
74	199
74	126
74	164
74	224
74	215
74	238
74	206
74	127
74	200
74	163
74	152
74	231
74	139
74	147
74	155
74	230
74	195
74	184
74	226
74	187
74	153
74	236
74	150
74	191
74	216
74	144
74	165
74	194
74	235
74	158
74	159
74	202
74	135
74	209
74	189
74	196
74	223
74	167
74	130
74	145
74	192
74	227
74	174
74	179
74	176
74	129
74	211
74	228
74	141
74	131
74	175
74	197
74	239
74	208
74	201
74	132
74	220
74	214
74	137
74	136
74	225
74	123
74	134
74	172
74	181
74	180
74	222
74	166
74	142
74	154
74	146
74	138
74	210
74	128
74	162
75	156
75	149
75	177
75	121
75	236
75	200
75	206
75	174
75	219
75	202
75	209
75	173
75	164
75	148
75	197
75	152
75	123
75	170
75	223
75	126
75	189
75	143
75	158
75	160
75	227
75	166
75	201
75	172
75	135
75	142
75	186
75	196
75	215
75	222
75	191
75	184
75	133
75	194
75	204
75	203
75	210
75	218
75	131
75	193
75	146
75	162
75	167
75	153
75	128
75	198
75	137
75	213
75	235
75	199
75	239
75	237
75	221
75	240
75	225
75	185
75	159
75	140
75	181
75	178
75	175
75	233
75	190
75	208
75	228
75	127
75	132
75	188
75	179
75	214
75	232
75	141
75	161
75	224
75	124
75	122
75	144
75	154
75	211
76	208
76	171
76	160
76	141
76	128
76	235
76	230
76	199
76	184
76	172
76	236
76	132
76	214
76	220
76	146
76	135
76	196
76	237
76	173
76	133
76	148
76	129
76	153
76	195
76	159
76	219
76	202
76	127
76	190
76	234
76	166
76	152
76	186
76	125
76	131
76	139
76	163
76	201
76	136
76	122
76	197
76	227
76	204
76	164
76	229
76	180
76	192
76	226
76	140
76	198
76	124
76	142
76	175
76	232
76	157
76	182
76	239
76	223
76	189
76	215
76	123
76	211
76	169
76	165
76	228
76	238
76	185
76	126
76	207
76	222
76	155
76	210
76	193
76	205
76	240
76	183
76	231
76	174
76	149
76	216
76	144
76	147
76	188
76	150
76	225
77	222
77	123
77	221
77	176
77	137
77	167
77	217
77	199
77	151
77	210
77	216
77	175
77	235
77	238
77	230
77	127
77	166
77	182
77	236
77	185
77	131
77	220
77	204
77	135
77	156
77	140
77	125
77	132
77	122
77	207
77	187
77	171
77	153
77	152
77	211
77	129
77	191
77	189
77	226
77	202
77	162
77	164
77	126
77	208
77	196
77	146
77	228
77	184
77	194
77	195
77	201
77	193
77	155
77	178
77	141
77	186
77	163
77	128
77	138
77	177
77	169
77	134
77	154
77	159
77	190
77	142
77	224
77	218
77	143
77	198
77	170
77	229
77	179
77	158
77	223
77	213
77	160
77	183
77	240
77	188
77	214
77	144
77	233
77	168
78	212
78	167
78	168
78	131
78	203
78	176
78	155
78	161
78	124
78	236
78	188
78	137
78	160
78	128
78	134
78	150
78	182
78	215
78	205
78	194
78	130
78	152
78	187
78	138
78	178
78	159
78	216
78	225
78	171
78	228
78	153
78	238
78	197
78	189
78	217
78	179
78	132
78	144
78	234
78	233
78	196
78	163
78	206
78	133
78	224
78	239
78	147
78	143
78	229
78	123
78	221
78	145
78	209
78	180
78	191
78	146
78	158
78	211
78	192
78	207
78	129
78	222
78	186
78	200
78	162
78	223
78	204
78	148
78	199
78	151
78	142
78	219
78	125
78	173
78	139
78	126
78	184
78	198
78	202
78	240
78	208
79	139
79	158
79	151
79	231
79	138
79	213
79	132
79	167
79	133
79	157
79	127
79	190
79	148
79	141
79	161
79	232
79	193
79	212
79	203
79	129
79	201
79	121
79	235
79	181
79	152
79	192
79	215
79	180
79	219
79	195
79	202
79	160
79	176
79	234
79	170
79	221
79	210
79	177
79	233
79	156
79	169
79	209
79	123
79	225
79	239
79	223
79	147
79	144
79	184
79	228
79	198
79	159
79	189
79	182
79	240
79	187
79	226
79	173
79	171
79	199
79	218
79	188
79	217
79	179
79	220
79	204
79	208
79	174
79	224
79	130
79	197
79	200
79	166
79	134
79	122
79	168
79	146
79	206
79	205
79	136
79	237
79	216
79	183
80	132
80	178
80	217
80	219
80	130
80	153
80	174
80	202
80	155
80	209
80	215
80	172
80	196
80	146
80	138
80	189
80	230
80	229
80	201
80	139
80	142
80	166
80	179
80	213
80	225
80	190
80	207
80	206
80	238
80	159
80	236
80	239
80	168
80	220
80	210
80	222
80	125
80	191
80	127
80	232
80	169
80	185
80	163
80	128
80	161
80	195
80	148
80	198
80	173
80	224
80	203
80	186
80	154
80	149
80	184
80	170
80	164
80	237
80	129
80	171
80	140
80	143
80	134
80	216
80	187
80	167
80	231
80	131
80	176
80	151
80	182
80	226
80	194
80	214
80	223
80	162
80	221
80	199
80	147
80	205
80	235
80	204
80	212
81	126
81	132
81	206
81	164
81	230
81	227
81	202
81	198
81	240
81	168
81	224
81	169
81	141
81	237
81	236
81	204
81	199
81	185
81	180
81	136
81	235
81	121
81	149
81	160
81	140
81	155
81	188
81	239
81	211
81	195
81	148
81	208
81	137
81	214
81	193
81	220
81	130
81	138
81	205
81	186
81	219
81	174
81	192
81	156
81	127
81	217
81	172
81	129
81	203
81	166
81	232
81	135
81	159
81	175
81	147
81	171
81	234
81	125
81	200
81	131
81	144
81	177
81	213
81	151
81	194
81	183
81	187
81	196
81	212
81	124
81	209
81	162
81	184
81	163
81	233
81	134
81	157
81	165
81	238
81	189
81	215
82	182
82	126
82	167
82	180
82	237
82	142
82	128
82	175
82	129
82	149
82	146
82	230
82	198
82	178
82	238
82	170
82	194
82	212
82	201
82	181
82	141
82	197
82	164
82	208
82	133
82	169
82	162
82	189
82	209
82	144
82	195
82	218
82	213
82	192
82	227
82	221
82	223
82	122
82	163
82	215
82	153
82	134
82	143
82	226
82	123
82	161
82	187
82	138
82	186
82	160
82	152
82	228
82	127
82	124
82	229
82	139
82	219
82	158
82	239
82	199
82	140
82	130
82	224
82	179
82	200
82	156
82	173
82	165
82	172
82	206
82	217
82	231
82	193
82	211
82	174
82	183
82	222
82	155
82	184
82	225
82	135
82	154
82	202
82	151
82	214
82	203
83	215
83	208
83	173
83	155
83	123
83	211
83	234
83	236
83	217
83	183
83	148
83	162
83	227
83	235
83	197
83	139
83	222
83	159
83	201
83	178
83	191
83	177
83	132
83	165
83	195
83	198
83	164
83	190
83	232
83	154
83	213
83	153
83	140
83	142
83	187
83	184
83	129
83	204
83	186
83	121
83	170
83	174
83	221
83	238
83	203
83	220
83	193
83	152
83	210
83	133
83	209
83	218
83	171
83	126
83	161
83	206
83	127
83	135
83	137
83	134
83	125
83	175
83	144
83	240
83	147
83	200
83	226
83	214
83	168
83	176
83	182
83	130
83	212
83	188
83	151
83	219
83	141
83	194
83	172
83	160
83	131
83	223
83	207
83	196
83	146
84	136
84	198
84	182
84	203
84	180
84	224
84	143
84	223
84	133
84	211
84	135
84	204
84	189
84	163
84	185
84	215
84	186
84	172
84	205
84	237
84	217
84	129
84	200
84	184
84	209
84	173
84	206
84	168
84	137
84	231
84	126
84	142
84	131
84	201
84	194
84	157
84	230
84	161
84	192
84	178
84	183
84	122
84	229
84	176
84	214
84	150
84	124
84	212
84	174
84	190
84	188
84	228
84	227
84	156
84	167
84	193
84	140
84	219
84	128
84	179
84	220
84	153
84	149
84	145
84	216
84	208
84	226
84	196
84	138
84	171
84	199
84	225
84	166
84	239
84	240
84	213
84	169
84	197
84	134
85	198
85	195
85	166
85	124
85	173
85	226
85	175
85	167
85	196
85	208
85	217
85	210
85	183
85	221
85	152
85	180
85	235
85	161
85	229
85	232
85	127
85	162
85	234
85	153
85	142
85	188
85	154
85	122
85	220
85	184
85	199
85	181
85	230
85	144
85	214
85	164
85	187
85	139
85	194
85	141
85	201
85	205
85	197
85	204
85	240
85	203
85	130
85	227
85	165
85	179
85	193
85	143
85	131
85	151
85	132
85	157
85	236
85	121
85	223
85	206
85	177
85	225
85	137
85	202
85	231
85	134
85	125
85	228
85	189
85	148
85	216
85	138
85	135
85	155
85	163
85	150
85	170
85	237
85	215
85	200
85	171
85	238
86	166
86	156
86	170
86	232
86	219
86	225
86	131
86	167
86	163
86	237
86	125
86	168
86	235
86	216
86	150
86	136
86	152
86	199
86	153
86	183
86	230
86	227
86	162
86	208
86	194
86	180
86	202
86	129
86	141
86	139
86	160
86	221
86	157
86	143
86	205
86	182
86	140
86	193
86	200
86	188
86	142
86	146
86	195
86	207
86	161
86	239
86	220
86	127
86	137
86	132
86	189
86	155
86	179
86	184
86	121
86	135
86	197
86	172
86	165
86	154
86	196
86	138
86	204
86	176
86	203
86	174
86	123
86	198
86	240
86	159
86	224
86	233
86	187
86	149
86	169
86	222
86	206
86	175
86	144
86	151
87	178
87	185
87	156
87	208
87	163
87	128
87	206
87	164
87	195
87	191
87	197
87	152
87	138
87	141
87	203
87	184
87	231
87	213
87	219
87	142
87	172
87	212
87	179
87	135
87	177
87	187
87	144
87	150
87	166
87	183
87	153
87	134
87	146
87	169
87	236
87	151
87	230
87	205
87	155
87	214
87	129
87	173
87	181
87	210
87	192
87	122
87	239
87	232
87	186
87	223
87	227
87	217
87	196
87	240
87	162
87	132
87	133
87	157
87	234
87	165
87	228
87	200
87	137
87	194
87	193
87	226
87	215
87	175
87	145
87	238
87	198
87	140
87	149
87	190
87	222
87	174
87	130
87	154
87	225
87	224
87	189
87	221
87	170
87	161
87	168
87	235
87	121
87	202
87	233
88	186
88	174
88	187
88	124
88	231
88	123
88	213
88	159
88	136
88	133
88	219
88	220
88	163
88	209
88	180
88	150
88	205
88	148
88	226
88	232
88	189
88	210
88	183
88	202
88	185
88	222
88	135
88	201
88	224
88	208
88	229
88	127
88	164
88	175
88	179
88	235
88	122
88	200
88	147
88	181
88	142
88	182
88	238
88	134
88	160
88	233
88	138
88	198
88	156
88	240
88	168
88	131
88	206
88	152
88	125
88	126
88	195
88	212
88	161
88	169
88	167
88	128
88	230
88	216
88	178
88	145
88	184
88	194
88	237
88	203
88	166
88	228
88	214
88	207
88	146
88	157
88	192
88	227
88	211
88	149
88	165
88	141
89	199
89	130
89	158
89	191
89	192
89	235
89	185
89	149
89	145
89	140
89	202
89	143
89	164
89	122
89	237
89	229
89	139
89	127
89	217
89	165
89	219
89	223
89	240
89	152
89	135
89	204
89	233
89	132
89	218
89	188
89	123
89	157
89	128
89	138
89	180
89	153
89	147
89	213
89	236
89	150
89	195
89	239
89	175
89	200
89	146
89	215
89	177
89	221
89	224
89	190
89	203
89	214
89	170
89	227
89	189
89	144
89	211
89	232
89	226
89	124
89	154
89	162
89	220
89	206
89	208
89	159
89	125
89	230
89	205
89	197
89	142
89	187
89	121
89	155
89	171
89	228
89	148
89	166
89	160
89	168
89	183
89	196
89	184
89	216
90	181
90	236
90	165
90	147
90	238
90	141
90	162
90	198
90	169
90	138
90	168
90	192
90	222
90	200
90	127
90	211
90	126
90	137
90	174
90	231
90	149
90	230
90	157
90	123
90	133
90	213
90	161
90	239
90	154
90	173
90	129
90	130
90	190
90	217
90	166
90	158
90	180
90	176
90	212
90	156
90	143
90	229
90	219
90	226
90	185
90	195
90	237
90	159
90	225
90	139
90	209
90	216
90	205
90	183
90	160
90	221
90	148
90	206
90	199
90	191
90	145
90	227
90	207
90	235
90	125
90	232
90	132
90	167
90	215
90	182
90	197
90	223
90	233
90	204
90	150
90	184
90	144
90	131
90	240
90	218
90	151
90	172
90	163
90	188
90	134
91	124
91	228
91	188
91	156
91	181
91	240
91	219
91	190
91	178
91	220
91	209
91	177
91	236
91	172
91	143
91	165
91	140
91	202
91	195
91	214
91	123
91	200
91	199
91	212
91	185
91	129
91	234
91	232
91	163
91	132
91	239
91	173
91	146
91	133
91	231
91	191
91	170
91	151
91	201
91	186
91	187
91	194
91	174
91	176
91	226
91	161
91	128
91	125
91	135
91	145
91	126
91	159
91	203
91	179
91	193
91	164
91	168
91	208
91	227
91	205
91	221
91	131
91	162
91	182
91	222
91	192
91	136
91	196
91	130
91	142
91	153
91	215
91	189
91	167
91	204
91	197
91	149
92	176
92	193
92	125
92	129
92	205
92	232
92	182
92	143
92	231
92	145
92	166
92	206
92	233
92	194
92	200
92	183
92	136
92	204
92	178
92	168
92	209
92	163
92	130
92	170
92	146
92	147
92	132
92	228
92	211
92	160
92	152
92	222
92	179
92	207
92	191
92	139
92	175
92	188
92	229
92	124
92	171
92	226
92	203
92	195
92	235
92	159
92	126
92	162
92	165
92	225
92	161
92	216
92	177
92	137
92	218
92	123
92	131
92	128
92	180
92	167
92	238
92	153
92	127
92	154
92	214
92	164
92	190
92	227
92	196
92	133
92	240
92	223
92	208
92	221
92	155
92	186
92	135
92	215
92	192
92	198
92	134
92	187
92	150
92	140
92	181
93	176
93	159
93	216
93	147
93	178
93	151
93	206
93	232
93	204
93	180
93	129
93	212
93	161
93	126
93	219
93	218
93	195
93	182
93	230
93	221
93	177
93	197
93	169
93	224
93	149
93	181
93	146
93	154
93	163
93	238
93	208
93	137
93	124
93	199
93	144
93	217
93	187
93	202
93	170
93	153
93	175
93	220
93	198
93	235
93	173
93	174
93	140
93	192
93	133
93	135
93	226
93	179
93	239
93	156
93	167
93	142
93	143
93	185
93	132
93	165
93	229
93	168
93	184
93	139
93	127
93	158
93	196
93	234
93	215
93	121
93	236
93	172
93	189
93	200
93	152
93	128
93	155
93	225
93	211
93	191
94	180
94	158
94	122
94	172
94	227
94	127
94	153
94	136
94	167
94	146
94	174
94	230
94	170
94	206
94	240
94	152
94	132
94	239
94	126
94	233
94	185
94	225
94	222
94	171
94	163
94	234
94	191
94	164
94	154
94	195
94	149
94	176
94	129
94	121
94	145
94	128
94	201
94	223
94	165
94	179
94	123
94	187
94	213
94	181
94	184
94	156
94	209
94	192
94	190
94	220
94	141
94	208
94	231
94	219
94	137
94	212
94	155
94	169
94	205
94	168
94	203
94	216
94	143
94	229
94	217
94	140
94	189
94	131
94	214
94	197
94	232
94	236
94	148
94	142
94	186
94	207
94	215
94	202
95	163
95	209
95	168
95	217
95	160
95	193
95	206
95	162
95	138
95	226
95	136
95	201
95	179
95	165
95	139
95	148
95	214
95	188
95	191
95	219
95	134
95	130
95	208
95	233
95	182
95	238
95	123
95	198
95	194
95	126
95	151
95	169
95	203
95	187
95	207
95	240
95	125
95	122
95	133
95	140
95	170
95	155
95	164
95	183
95	190
95	211
95	230
95	137
95	197
95	220
95	172
95	213
95	146
95	178
95	228
95	158
95	127
95	239
95	232
95	128
95	129
95	121
95	181
95	173
95	195
95	204
95	149
95	216
95	196
95	159
95	174
95	177
95	166
95	229
95	145
95	175
95	161
95	218
95	199
95	124
96	200
96	161
96	172
96	190
96	129
96	215
96	206
96	240
96	201
96	165
96	164
96	228
96	234
96	223
96	182
96	147
96	237
96	197
96	176
96	132
96	181
96	239
96	217
96	128
96	121
96	162
96	185
96	148
96	177
96	144
96	199
96	163
96	227
96	142
96	170
96	226
96	193
96	195
96	154
96	127
96	124
96	192
96	179
96	174
96	205
96	196
96	180
96	178
96	187
96	152
96	151
96	168
96	173
96	212
96	210
96	220
96	232
96	216
96	167
96	130
96	131
96	126
96	123
96	140
96	208
96	204
96	189
96	156
96	221
96	238
96	145
96	183
96	235
96	155
96	157
96	141
96	224
96	230
96	184
96	214
96	159
96	202
96	225
96	233
96	171
97	125
97	181
97	164
97	231
97	210
97	209
97	136
97	212
97	155
97	232
97	128
97	200
97	171
97	193
97	197
97	187
97	140
97	157
97	126
97	182
97	192
97	133
97	145
97	186
97	216
97	201
97	203
97	127
97	177
97	150
97	129
97	230
97	239
97	238
97	220
97	215
97	138
97	207
97	229
97	173
97	149
97	217
97	223
97	141
97	237
97	213
97	219
97	161
97	199
97	179
97	191
97	180
97	195
97	162
97	122
97	184
97	142
97	147
97	151
97	225
97	160
97	176
97	137
97	166
97	211
97	132
97	206
97	218
97	228
97	154
97	134
97	158
97	170
97	190
97	202
97	189
97	130
97	169
97	121
97	152
97	124
97	178
98	201
98	141
98	228
98	212
98	180
98	157
98	196
98	240
98	227
98	169
98	183
98	230
98	199
98	215
98	182
98	145
98	142
98	203
98	144
98	147
98	132
98	165
98	214
98	128
98	143
98	163
98	226
98	208
98	126
98	178
98	152
98	185
98	186
98	121
98	167
98	229
98	210
98	234
98	213
98	172
98	173
98	189
98	188
98	221
98	194
98	200
98	205
98	235
98	124
98	136
98	219
98	176
98	174
98	239
98	133
98	202
98	224
98	198
98	122
98	193
98	127
98	139
98	168
98	225
98	129
98	150
98	187
98	156
98	123
98	134
98	138
98	237
98	125
98	148
98	231
98	164
98	184
98	175
98	181
98	217
98	211
98	162
98	158
98	140
98	149
98	160
99	198
99	128
99	124
99	171
99	223
99	216
99	208
99	220
99	181
99	167
99	239
99	200
99	123
99	149
99	153
99	205
99	172
99	161
99	186
99	218
99	152
99	140
99	234
99	163
99	154
99	192
99	136
99	156
99	157
99	183
99	177
99	147
99	143
99	226
99	196
99	225
99	138
99	148
99	144
99	230
99	164
99	182
99	210
99	145
99	229
99	187
99	179
99	193
99	142
99	170
99	130
99	125
99	133
99	137
99	219
99	178
99	233
99	151
99	150
99	238
99	221
99	231
99	235
99	160
99	121
99	127
99	209
99	126
99	212
99	141
99	166
99	191
99	131
99	146
99	194
99	173
99	197
99	169
100	231
100	214
100	202
100	162
100	152
100	165
100	180
100	218
100	153
100	127
100	121
100	151
100	211
100	230
100	175
100	237
100	141
100	128
100	194
100	182
100	223
100	154
100	224
100	205
100	233
100	161
100	146
100	131
100	215
100	122
100	158
100	126
100	207
100	132
100	188
100	134
100	212
100	133
100	150
100	176
100	130
100	187
100	225
100	227
100	226
100	143
100	178
100	213
100	189
100	195
100	183
100	229
100	200
100	136
100	140
100	190
100	148
100	197
100	186
100	171
100	201
100	144
100	173
100	210
100	181
100	222
100	184
100	228
100	168
100	179
100	166
100	129
100	192
100	239
100	125
100	196
100	164
100	145
100	159
100	167
100	138
100	191
100	163
100	157
100	124
100	177
100	208
101	227
101	185
101	188
101	208
101	240
101	183
101	173
101	236
101	178
101	223
101	212
101	179
101	128
101	187
101	191
101	155
101	169
101	140
101	156
101	182
101	215
101	197
101	234
101	194
101	152
101	180
101	177
101	167
101	136
101	217
101	181
101	127
101	137
101	233
101	196
101	210
101	219
101	121
101	131
101	132
101	174
101	160
101	189
101	139
101	200
101	130
101	129
101	144
101	193
101	195
101	209
101	231
101	151
101	226
101	141
101	198
101	123
101	148
101	207
101	204
101	238
101	175
101	166
101	168
101	232
101	150
101	225
101	221
101	154
101	122
101	228
101	134
101	157
101	138
101	159
101	206
101	176
101	201
101	143
101	172
101	135
102	234
102	212
102	178
102	187
102	184
102	154
102	130
102	153
102	205
102	129
102	133
102	199
102	161
102	220
102	232
102	215
102	132
102	207
102	156
102	157
102	174
102	236
102	186
102	168
102	152
102	146
102	211
102	200
102	123
102	185
102	136
102	127
102	238
102	162
102	175
102	158
102	190
102	137
102	139
102	163
102	179
102	155
102	183
102	218
102	209
102	196
102	193
102	240
102	210
102	197
102	235
102	217
102	128
102	122
102	151
102	192
102	194
102	145
102	222
102	159
102	147
102	231
102	144
102	202
102	138
102	189
102	213
102	176
102	125
102	204
102	229
102	140
102	166
102	149
102	177
102	227
102	230
102	173
102	226
102	201
102	167
102	160
102	237
102	195
103	211
103	177
103	205
103	204
103	148
103	215
103	161
103	180
103	195
103	182
103	167
103	239
103	135
103	144
103	228
103	191
103	184
103	125
103	172
103	131
103	141
103	190
103	158
103	238
103	157
103	201
103	230
103	217
103	123
103	132
103	146
103	231
103	181
103	236
103	199
103	179
103	142
103	234
103	140
103	175
103	235
103	163
103	203
103	174
103	151
103	154
103	227
103	200
103	134
103	237
103	170
103	222
103	127
103	176
103	223
103	185
103	213
103	224
103	124
103	147
103	216
103	137
103	121
103	150
103	171
103	162
103	207
103	155
103	173
103	229
103	160
103	156
103	149
103	169
103	212
103	128
103	145
103	233
103	153
103	188
103	186
103	138
103	164
103	133
103	183
104	169
104	201
104	222
104	162
104	132
104	165
104	142
104	197
104	174
104	217
104	195
104	143
104	129
104	128
104	157
104	235
104	127
104	216
104	133
104	176
104	181
104	202
104	185
104	139
104	223
104	150
104	126
104	194
104	138
104	134
104	188
104	122
104	239
104	232
104	189
104	200
104	179
104	178
104	123
104	183
104	182
104	228
104	131
104	191
104	211
104	124
104	121
104	221
104	137
104	170
104	177
104	207
104	149
104	160
104	234
104	220
104	240
104	192
104	213
104	224
104	187
104	145
104	125
104	130
104	190
104	152
104	214
104	167
104	171
104	226
104	140
104	166
104	219
104	230
104	237
104	155
104	153
104	186
104	168
104	231
104	225
104	172
104	212
104	154
104	164
104	199
105	125
105	186
105	212
105	153
105	234
105	235
105	217
105	171
105	124
105	160
105	161
105	238
105	178
105	192
105	240
105	149
105	197
105	177
105	128
105	188
105	135
105	205
105	203
105	180
105	154
105	172
105	163
105	220
105	233
105	175
105	167
105	123
105	225
105	164
105	200
105	144
105	150
105	137
105	159
105	231
105	146
105	130
105	215
105	168
105	222
105	190
105	121
105	214
105	156
105	204
105	133
105	182
105	236
105	232
105	216
105	223
105	206
105	218
105	166
105	221
105	219
105	181
105	139
105	145
105	151
105	129
105	187
105	179
105	162
105	169
105	143
105	165
105	193
105	227
105	191
105	229
105	226
105	198
105	189
105	141
105	157
105	208
106	175
106	183
106	161
106	159
106	194
106	222
106	160
106	213
106	143
106	147
106	190
106	128
106	217
106	167
106	139
106	149
106	195
106	166
106	221
106	189
106	218
106	219
106	146
106	164
106	150
106	231
106	155
106	230
106	154
106	229
106	232
106	144
106	214
106	130
106	121
106	236
106	184
106	171
106	135
106	185
106	188
106	198
106	210
106	216
106	145
106	142
106	176
106	182
106	137
106	132
106	141
106	174
106	225
106	233
106	237
106	169
106	173
106	197
106	157
106	224
106	170
106	201
106	136
106	138
106	208
106	234
106	186
106	153
106	178
106	193
106	152
106	158
106	206
106	133
106	163
106	125
106	126
106	148
106	131
106	151
106	172
106	165
106	204
107	228
107	197
107	240
107	180
107	196
107	130
107	187
107	123
107	237
107	193
107	152
107	156
107	142
107	212
107	163
107	188
107	189
107	205
107	144
107	225
107	219
107	182
107	147
107	126
107	134
107	226
107	233
107	234
107	153
107	218
107	203
107	185
107	201
107	227
107	192
107	223
107	194
107	154
107	220
107	132
107	176
107	236
107	166
107	208
107	175
107	177
107	230
107	186
107	179
107	217
107	216
107	127
107	121
107	235
107	171
107	128
107	191
107	137
107	145
107	239
107	157
107	170
107	211
107	149
107	138
107	198
107	173
107	140
107	206
107	181
107	229
107	210
107	238
107	139
107	162
107	124
107	141
107	125
107	146
107	136
107	131
107	133
107	215
107	207
108	178
108	132
108	158
108	185
108	230
108	176
108	152
108	195
108	189
108	179
108	163
108	240
108	205
108	159
108	128
108	143
108	157
108	215
108	129
108	210
108	191
108	235
108	126
108	145
108	199
108	188
108	183
108	218
108	167
108	216
108	182
108	207
108	187
108	170
108	173
108	239
108	150
108	124
108	220
108	203
108	165
108	166
108	213
108	221
108	228
108	192
108	136
108	184
108	177
108	174
108	138
108	204
108	225
108	131
108	219
108	135
108	226
108	133
108	196
108	227
108	206
108	190
108	233
108	212
108	171
108	123
108	122
108	172
108	223
108	154
108	198
108	180
108	217
108	153
108	229
108	232
108	236
108	147
108	141
108	202
108	222
108	201
108	121
108	149
108	155
108	161
109	227
109	225
109	141
109	208
109	123
109	152
109	131
109	221
109	153
109	144
109	150
109	126
109	207
109	181
109	171
109	157
109	224
109	232
109	124
109	235
109	133
109	147
109	215
109	206
109	220
109	136
109	226
109	170
109	229
109	165
109	138
109	185
109	210
109	203
109	156
109	205
109	142
109	240
109	169
109	211
109	189
109	204
109	177
109	239
109	212
109	198
109	231
109	155
109	237
109	200
109	190
109	214
109	228
109	135
109	168
109	195
109	196
109	134
109	223
109	122
109	191
109	132
109	163
109	186
109	178
109	149
109	173
109	175
109	199
109	128
109	182
109	234
109	121
109	188
109	238
109	184
109	172
109	145
109	187
109	137
109	160
109	218
109	233
110	212
110	160
110	222
110	193
110	235
110	123
110	175
110	121
110	143
110	190
110	174
110	164
110	173
110	232
110	228
110	223
110	167
110	128
110	124
110	129
110	216
110	169
110	172
110	180
110	149
110	163
110	215
110	147
110	201
110	195
110	135
110	220
110	182
110	181
110	214
110	141
110	127
110	146
110	196
110	152
110	154
110	132
110	177
110	192
110	144
110	126
110	202
110	156
110	130
110	178
110	183
110	185
110	186
110	151
110	209
110	148
110	136
110	208
110	211
110	205
110	159
110	142
110	219
110	231
110	240
110	134
110	170
110	200
110	140
110	227
110	131
110	133
110	162
110	233
110	188
110	198
110	218
110	238
110	194
110	139
110	229
110	213
110	239
110	176
110	204
110	153
111	147
111	199
111	134
111	207
111	221
111	126
111	220
111	157
111	180
111	162
111	122
111	196
111	175
111	186
111	152
111	214
111	230
111	222
111	210
111	144
111	198
111	167
111	231
111	142
111	127
111	192
111	205
111	161
111	166
111	148
111	238
111	213
111	132
111	169
111	217
111	177
111	176
111	224
111	146
111	237
111	223
111	145
111	188
111	200
111	143
111	125
111	133
111	197
111	239
111	159
111	139
111	172
111	189
111	234
111	240
111	154
111	138
111	215
111	124
111	190
111	212
111	225
111	185
111	195
111	170
111	136
111	235
111	219
111	171
111	218
111	121
111	229
111	149
111	174
111	129
111	153
111	140
111	233
111	201
111	135
111	206
112	231
112	158
112	213
112	131
112	197
112	193
112	228
112	165
112	152
112	160
112	166
112	155
112	176
112	145
112	186
112	159
112	130
112	227
112	210
112	150
112	137
112	128
112	182
112	215
112	219
112	194
112	140
112	180
112	195
112	234
112	126
112	127
112	121
112	188
112	232
112	208
112	172
112	147
112	177
112	192
112	167
112	230
112	141
112	149
112	173
112	221
112	240
112	209
112	132
112	142
112	201
112	161
112	179
112	216
112	220
112	133
112	125
112	235
112	202
112	214
112	178
112	206
112	196
112	212
112	169
112	146
112	124
112	129
112	239
112	226
112	156
112	237
112	144
112	222
112	236
112	203
113	203
113	225
113	158
113	133
113	232
113	170
113	235
113	168
113	208
113	150
113	153
113	196
113	218
113	143
113	216
113	184
113	122
113	148
113	217
113	188
113	224
113	193
113	131
113	211
113	160
113	240
113	190
113	214
113	192
113	175
113	162
113	222
113	186
113	142
113	202
113	213
113	163
113	215
113	155
113	173
113	147
113	182
113	205
113	140
113	198
113	189
113	178
113	166
113	231
113	183
113	223
113	129
113	226
113	156
113	197
113	144
113	134
113	220
113	181
113	239
113	238
113	171
113	165
113	210
113	137
113	121
113	145
113	236
113	179
113	135
113	124
113	212
113	125
113	169
113	180
113	219
113	221
113	227
113	139
113	157
113	194
113	138
113	237
113	229
113	123
113	195
114	143
114	222
114	161
114	163
114	132
114	149
114	205
114	220
114	121
114	180
114	158
114	227
114	232
114	192
114	140
114	197
114	224
114	150
114	198
114	123
114	228
114	178
114	189
114	160
114	154
114	213
114	214
114	176
114	221
114	188
114	162
114	146
114	212
114	152
114	127
114	179
114	187
114	139
114	147
114	173
114	138
114	193
114	191
114	167
114	223
114	218
114	133
114	229
114	159
114	151
114	196
114	125
114	122
114	136
114	207
114	185
114	165
114	238
114	195
114	157
114	208
114	134
114	199
114	200
114	145
114	201
114	172
114	190
114	216
114	166
114	128
114	177
114	171
114	230
114	211
114	215
114	155
114	237
114	217
114	126
114	235
114	141
115	122
115	215
115	192
115	209
115	150
115	147
115	207
115	135
115	194
115	175
115	196
115	191
115	158
115	228
115	208
115	181
115	187
115	177
115	163
115	185
115	217
115	216
115	149
115	238
115	164
115	154
115	178
115	227
115	234
115	143
115	141
115	128
115	225
115	153
115	193
115	133
115	152
115	233
115	168
115	219
115	235
115	130
115	174
115	137
115	221
115	166
115	161
115	123
115	188
115	173
115	229
115	182
115	129
115	190
115	211
115	125
115	167
115	151
115	134
115	172
115	179
115	157
115	197
115	212
115	145
115	240
115	138
115	131
115	136
115	230
115	124
115	184
115	236
115	139
115	126
115	140
115	159
115	206
115	222
116	233
116	238
116	222
116	136
116	237
116	172
116	138
116	140
116	121
116	180
116	211
116	195
116	170
116	162
116	156
116	218
116	188
116	239
116	234
116	150
116	151
116	206
116	178
116	184
116	133
116	148
116	189
116	157
116	185
116	221
116	200
116	132
116	145
116	167
116	175
116	158
116	163
116	207
116	177
116	124
116	137
116	190
116	142
116	197
116	205
116	186
116	213
116	214
116	147
116	187
116	128
116	182
116	135
116	131
116	232
116	152
116	215
116	169
116	181
116	139
116	210
116	230
116	235
116	216
116	229
116	196
116	212
116	231
116	228
116	199
116	201
116	174
116	141
116	126
116	194
116	224
116	173
116	130
116	220
116	202
117	234
117	175
117	223
117	164
117	134
117	124
117	137
117	228
117	207
117	224
117	126
117	192
117	144
117	121
117	146
117	142
117	195
117	227
117	216
117	123
117	211
117	147
117	232
117	128
117	177
117	217
117	218
117	172
117	158
117	199
117	229
117	157
117	163
117	220
117	191
117	155
117	127
117	152
117	208
117	167
117	215
117	131
117	182
117	237
117	222
117	210
117	129
117	133
117	170
117	198
117	214
117	154
117	209
117	221
117	203
117	125
117	160
117	143
117	230
117	194
117	180
117	212
117	235
117	200
117	184
117	140
117	145
117	238
117	225
117	201
117	202
117	150
117	181
117	156
117	231
117	169
117	219
117	190
117	176
117	226
117	240
117	132
117	213
117	138
117	161
118	223
118	161
118	167
118	173
118	132
118	165
118	193
118	181
118	124
118	214
118	183
118	226
118	219
118	138
118	204
118	186
118	184
118	178
118	185
118	137
118	202
118	225
118	238
118	207
118	190
118	209
118	133
118	201
118	218
118	188
118	169
118	203
118	196
118	153
118	194
118	142
118	130
118	175
118	134
118	159
118	240
118	149
118	121
118	222
118	233
118	210
118	146
118	179
118	174
118	151
118	228
118	177
118	230
118	163
118	148
118	197
118	211
118	140
118	208
118	189
118	200
118	139
118	220
118	168
118	192
118	164
118	198
118	125
118	172
118	143
118	206
118	160
118	122
118	126
118	234
118	129
118	216
118	162
118	224
119	140
119	159
119	171
119	191
119	141
119	211
119	186
119	185
119	203
119	154
119	134
119	149
119	231
119	131
119	169
119	199
119	146
119	225
119	158
119	143
119	222
119	129
119	205
119	229
119	239
119	240
119	238
119	214
119	145
119	232
119	197
119	166
119	126
119	235
119	200
119	156
119	137
119	215
119	234
119	213
119	210
119	201
119	178
119	192
119	153
119	168
119	202
119	160
119	182
119	196
119	230
119	236
119	184
119	163
119	133
119	125
119	217
119	218
119	237
119	128
119	180
119	224
119	155
119	190
119	162
119	227
119	170
119	177
119	157
119	223
119	173
119	150
119	207
119	161
119	194
119	233
119	179
119	212
119	183
119	136
119	130
119	174
119	220
119	228
119	219
119	195
119	167
119	164
120	126
120	139
120	179
120	208
120	239
120	127
120	163
120	134
120	123
120	235
120	231
120	168
120	188
120	174
120	223
120	237
120	205
120	222
120	175
120	195
120	156
120	207
120	159
120	236
120	198
120	124
120	162
120	226
120	157
120	227
120	176
120	129
120	217
120	170
120	151
120	189
120	177
120	154
120	158
120	186
120	228
120	212
120	220
120	132
120	216
120	144
120	148
120	161
120	180
120	203
120	229
120	178
120	185
120	172
120	136
120	142
120	153
120	196
120	184
120	234
120	190
120	219
120	197
120	145
120	135
120	187
120	201
120	240
120	215
120	204
120	147
120	200
120	210
120	128
120	206
120	166
120	146
120	230
120	138
120	143
120	121
120	131
