120 120 5
1	130
1	153
1	205
1	163
1	135
1	180
1	214
1	206
1	148
1	238
1	201
1	232
1	185
1	186
1	178
1	191
1	187
1	222
1	210
1	160
1	155
1	192
1	204
1	183
1	194
1	225
1	228
1	213
1	123
1	156
1	122
1	141
1	199
1	132
1	196
1	150
1	172
1	215
1	233
1	240
1	133
1	219
1	177
1	137
1	188
1	159
1	140
1	121
1	138
1	230
1	181
1	128
1	127
1	136
1	223
1	151
1	208
1	198
1	146
1	224
1	200
1	239
1	235
1	211
1	164
2	145
2	141
2	122
2	148
2	216
2	230
2	175
2	168
2	220
2	223
2	132
2	153
2	222
2	205
2	209
2	214
2	226
2	229
2	218
2	133
2	178
2	163
2	174
2	185
2	224
2	204
2	184
2	149
2	158
2	211
2	134
2	164
2	130
2	165
2	123
2	203
2	213
2	217
2	212
2	232
2	126
2	225
2	137
2	195
2	157
2	171
2	180
2	194
2	154
2	190
2	159
2	206
2	142
2	177
2	151
2	201
2	124
2	221
2	181
2	239
2	189
2	135
2	161
2	150
2	199
2	128
2	233
2	144
2	129
3	208
3	162
3	216
3	188
3	167
3	199
3	221
3	179
3	234
3	156
3	164
3	160
3	195
3	181
3	201
3	197
3	204
3	218
3	153
3	173
3	174
3	240
3	239
3	128
3	232
3	209
3	158
3	151
3	185
3	125
3	228
3	194
3	235
3	193
3	236
3	129
3	200
3	198
3	155
3	163
3	159
3	141
3	165
3	134
3	226
3	189
3	215
3	187
3	220
3	145
3	227
3	142
3	169
3	192
3	213
3	171
3	170
3	176
3	175
3	210
3	149
3	182
3	229
3	143
3	130
3	222
4	187
4	186
4	223
4	213
4	240
4	125
4	208
4	162
4	188
4	138
4	173
4	207
4	142
4	235
4	163
4	232
4	227
4	217
4	131
4	158
4	238
4	123
4	150
4	237
4	205
4	135
4	233
4	129
4	167
4	200
4	199
4	197
4	183
4	130
4	134
4	128
4	202
4	160
4	236
4	196
4	220
4	155
4	159
4	141
4	185
4	229
4	211
4	178
4	215
4	145
4	206
4	182
4	174
4	194
4	184
4	203
4	161
4	152
4	230
4	156
4	122
4	148
4	216
4	228
4	127
4	212
4	234
4	214
4	218
4	204
4	168
4	190
5	169
5	160
5	124
5	209
5	129
5	217
5	203
5	210
5	145
5	133
5	227
5	207
5	211
5	205
5	235
5	197
5	222
5	206
5	153
5	176
5	234
5	212
5	189
5	216
5	157
5	143
5	161
5	155
5	130
5	151
5	214
5	174
5	127
5	187
5	177
5	199
5	198
5	226
5	128
5	162
5	220
5	224
5	188
5	180
5	125
5	141
5	135
5	200
5	184
5	126
5	165
5	230
5	215
5	166
5	237
5	196
5	228
5	144
5	232
5	136
5	208
5	213
5	183
5	156
5	131
5	236
5	204
5	202
5	149
6	176
6	207
6	238
6	131
6	159
6	205
6	172
6	193
6	169
6	237
6	170
6	152
6	127
6	129
6	183
6	197
6	192
6	130
6	233
6	150
6	206
6	222
6	182
6	202
6	213
6	134
6	212
6	225
6	155
6	124
6	147
6	148
6	141
6	139
6	232
6	175
6	226
6	224
6	177
6	240
6	217
6	128
6	156
6	229
6	164
6	145
6	143
6	135
6	189
6	153
6	198
6	200
6	181
6	230
6	133
6	190
6	123
6	121
6	227
6	178
6	173
6	174
6	137
6	122
6	234
6	162
6	125
6	228
6	168
6	196
6	221
7	171
7	170
7	201
7	144
7	229
7	174
7	169
7	182
7	124
7	202
7	151
7	219
7	177
7	130
7	142
7	184
7	121
7	215
7	147
7	204
7	153
7	164
7	176
7	181
7	214
7	149
7	185
7	210
7	205
7	132
7	189
7	236
7	160
7	207
7	136
7	203
7	230
7	145
7	216
7	193
7	234
7	191
7	239
7	152
7	141
7	232
7	240
7	197
7	172
7	157
7	200
7	148
7	168
7	146
7	131
7	135
7	159
7	206
7	235
7	226
7	123
7	139
7	154
7	126
7	166
7	179
8	158
8	228
8	230
8	203
8	169
8	124
8	209
8	224
8	132
8	121
8	191
8	161
8	218
8	135
8	181
8	216
8	138
8	176
8	149
8	177
8	188
8	185
8	189
8	125
8	142
8	137
8	207
8	227
8	221
8	186
8	134
8	168
8	236
8	233
8	164
8	156
8	175
8	153
8	136
8	140
8	126
8	155
8	133
8	220
8	167
8	193
8	183
8	205
8	123
8	159
8	157
8	238
8	143
8	211
8	187
8	237
8	226
8	225
8	180
8	208
8	145
8	174
8	239
8	200
8	197
8	234
8	144
8	196
9	152
9	210
9	166
9	141
9	225
9	179
9	239
9	184
9	204
9	200
9	182
9	214
9	181
9	208
9	135
9	129
9	126
9	186
9	176
9	177
9	222
9	221
9	137
9	139
9	158
9	178
9	128
9	146
9	194
9	121
9	197
9	150
9	227
9	153
9	172
9	240
9	185
9	211
9	180
9	189
9	140
9	174
9	216
9	187
9	148
9	213
9	131
9	175
9	164
9	160
9	163
9	212
9	238
9	203
9	193
9	125
9	183
9	217
9	230
9	149
9	201
9	161
9	127
10	212
10	188
10	219
10	211
10	189
10	138
10	177
10	240
10	147
10	190
10	227
10	216
10	137
10	202
10	123
10	192
10	161
10	133
10	122
10	162
10	154
10	148
10	149
10	207
10	215
10	221
10	191
10	126
10	152
10	183
10	178
10	129
10	194
10	220
10	222
10	213
10	140
10	151
10	223
10	132
10	200
10	131
10	231
10	237
10	158
10	232
10	226
10	180
10	209
10	235
10	141
10	165
10	176
10	127
10	169
10	143
10	150
10	167
10	236
10	135
10	153
10	164
10	136
10	228
10	173
10	163
10	170
11	224
11	128
11	236
11	217
11	181
11	166
11	161
11	211
11	163
11	209
11	140
11	214
11	216
11	215
11	180
11	142
11	233
11	228
11	138
11	240
11	185
11	164
11	182
11	121
11	143
11	139
11	212
11	238
11	197
11	184
11	198
11	122
11	150
11	179
11	133
11	189
11	221
11	170
11	190
11	175
11	201
11	192
11	239
11	168
11	213
11	141
11	202
11	178
11	229
11	129
11	210
11	172
11	162
11	123
11	226
11	165
11	195
11	176
11	144
11	232
11	127
11	132
11	151
11	223
11	148
11	158
11	207
11	145
11	183
11	124
11	208
12	146
12	151
12	136
12	186
12	206
12	179
12	172
12	228
12	192
12	127
12	229
12	150
12	199
12	214
12	169
12	185
12	142
12	140
12	132
12	200
12	154
12	222
12	233
12	235
12	178
12	134
12	170
12	133
12	209
12	129
12	216
12	227
12	160
12	175
12	180
12	210
12	147
12	138
12	161
12	131
12	155
12	198
12	231
12	189
12	153
12	221
12	191
12	144
12	225
12	182
12	220
12	215
12	202
12	195
12	139
12	204
12	224
12	226
12	237
12	128
12	158
12	187
12	236
12	165
12	157
12	141
12	238
12	190
12	201
12	203
12	230
12	205
13	141
13	223
13	164
13	188
13	174
13	145
13	234
13	147
13	222
13	153
13	203
13	207
13	152
13	189
13	124
13	229
13	167
13	131
13	230
13	212
13	195
13	154
13	197
13	214
13	196
13	177
13	171
13	201
13	220
13	142
13	156
13	183
13	225
13	143
13	166
13	240
13	144
13	238
13	172
13	139
13	181
13	146
13	237
13	218
13	129
13	235
13	127
13	204
13	178
13	224
13	180
13	213
13	191
13	211
13	209
13	157
13	210
13	148
13	215
13	133
13	132
13	190
13	227
13	163
13	136
13	173
14	213
14	221
14	203
14	168
14	192
14	170
14	210
14	133
14	121
14	158
14	139
14	231
14	238
14	187
14	180
14	181
14	206
14	150
14	137
14	148
14	239
14	147
14	204
14	171
14	185
14	131
14	190
14	176
14	216
14	166
14	135
14	182
14	155
14	178
14	222
14	225
14	129
14	220
14	156
14	175
14	141
14	165
14	128
14	199
14	215
14	219
14	152
14	233
14	189
14	193
14	205
14	200
14	164
14	196
14	145
14	173
14	186
14	144
14	151
14	153
14	160
14	198
14	122
14	149
14	174
14	218
14	169
14	201
14	179
14	157
15	151
15	214
15	237
15	218
15	191
15	138
15	205
15	222
15	193
15	202
15	149
15	213
15	207
15	162
15	203
15	137
15	156
15	233
15	236
15	238
15	174
15	221
15	182
15	228
15	190
15	179
15	127
15	167
15	224
15	145
15	172
15	157
15	176
15	160
15	212
15	132
15	146
15	166
15	240
15	204
15	159
15	143
15	130
15	169
15	155
15	122
15	124
15	185
15	178
15	164
15	226
15	219
15	227
15	170
15	188
15	153
15	175
15	136
15	211
15	131
15	235
15	125
15	234
15	210
15	220
15	199
15	171
16	134
16	202
16	121
16	179
16	231
16	184
16	236
16	210
16	155
16	177
16	161
16	132
16	136
16	188
16	207
16	140
16	175
16	225
16	139
16	198
16	146
16	168
16	239
16	127
16	212
16	187
16	133
16	209
16	222
16	171
16	144
16	151
16	170
16	124
16	214
16	130
16	217
16	145
16	152
16	216
16	237
16	131
16	164
16	223
16	162
16	220
16	213
16	167
16	203
16	150
16	169
16	143
16	229
16	197
16	193
16	126
16	211
16	228
16	181
16	232
16	180
16	182
16	233
17	218
17	213
17	155
17	188
17	140
17	143
17	125
17	185
17	178
17	134
17	238
17	225
17	129
17	240
17	196
17	167
17	186
17	154
17	212
17	128
17	202
17	144
17	130
17	221
17	187
17	180
17	153
17	223
17	126
17	158
17	148
17	146
17	220
17	234
17	127
17	161
17	219
17	216
17	235
17	227
17	214
17	135
17	152
17	233
17	121
17	198
17	157
17	171
17	162
17	137
17	150
17	164
17	182
17	138
17	142
17	131
17	184
17	239
17	199
17	237
17	163
17	210
17	206
17	197
17	192
17	147
17	156
17	207
17	123
17	179
17	122
17	201
17	194
17	177
17	208
18	216
18	154
18	234
18	132
18	142
18	173
18	140
18	203
18	215
18	227
18	143
18	191
18	226
18	228
18	131
18	125
18	158
18	213
18	141
18	133
18	179
18	199
18	128
18	192
18	178
18	148
18	231
18	147
18	182
18	183
18	156
18	239
18	217
18	201
18	152
18	145
18	197
18	163
18	121
18	240
18	196
18	235
18	170
18	229
18	210
18	204
18	172
18	195
18	207
18	214
18	180
18	185
18	205
18	198
18	144
18	186
18	171
18	127
18	176
18	150
18	162
18	122
18	153
18	193
18	194
18	224
18	175
18	164
18	220
18	168
18	177
18	236
19	187
19	190
19	150
19	163
19	185
19	204
19	188
19	133
19	155
19	223
19	170
19	128
19	238
19	130
19	126
19	172
19	227
19	231
19	191
19	121
19	137
19	153
19	127
19	122
19	193
19	125
19	181
19	123
19	195
19	151
19	124
19	156
19	141
19	200
19	212
19	178
19	160
19	240
19	228
19	201
19	192
19	148
19	146
19	134
19	136
19	129
19	218
19	175
19	210
19	224
19	142
19	220
19	168
19	232
19	177
19	208
19	236
19	145
19	184
19	186
19	139
19	225
19	143
19	174
19	215
19	158
19	219
19	211
19	179
19	161
19	237
19	221
19	138
19	132
19	189
19	234
19	230
20	222
20	212
20	161
20	195
20	186
20	174
20	133
20	167
20	144
20	214
20	189
20	121
20	177
20	162
20	215
20	205
20	126
20	232
20	216
20	200
20	154
20	221
20	193
20	143
20	155
20	183
20	170
20	136
20	160
20	135
20	209
20	219
20	203
20	233
20	150
20	191
20	152
20	172
20	184
20	220
20	240
20	140
20	213
20	229
20	123
20	130
20	124
20	228
20	231
20	194
20	157
20	148
20	180
20	235
20	198
20	153
20	175
20	197
20	223
20	185
20	218
20	122
20	146
20	206
20	163
20	179
20	168
20	187
20	202
20	204
20	234
20	239
20	147
21	223
21	172
21	137
21	212
21	190
21	235
21	194
21	189
21	176
21	196
21	156
21	143
21	182
21	174
21	159
21	234
21	220
21	195
21	222
21	233
21	240
21	186
21	151
21	206
21	198
21	150
21	224
21	187
21	163
21	131
21	184
21	125
21	169
21	127
21	214
21	149
21	192
21	210
21	230
21	133
21	135
21	140
21	165
21	158
21	203
21	238
21	226
21	211
21	180
21	175
21	202
21	171
21	208
21	188
21	161
21	152
21	153
21	185
21	228
21	178
21	173
21	221
21	134
21	204
21	179
21	122
21	218
21	237
21	157
21	124
21	219
21	183
21	213
22	224
22	207
22	209
22	122
22	127
22	158
22	129
22	196
22	204
22	157
22	212
22	234
22	154
22	199
22	221
22	135
22	200
22	155
22	167
22	171
22	230
22	211
22	168
22	178
22	146
22	192
22	134
22	240
22	202
22	198
22	161
22	238
22	175
22	227
22	174
22	214
22	213
22	126
22	223
22	220
22	176
22	148
22	232
22	231
22	173
22	136
22	179
22	222
22	182
22	166
22	188
22	205
22	128
22	121
22	130
22	186
22	125
22	177
22	219
22	225
22	149
22	123
22	170
22	151
22	169
23	124
23	126
23	237
23	203
23	159
23	186
23	151
23	141
23	185
23	153
23	200
23	137
23	189
23	180
23	219
23	133
23	191
23	199
23	145
23	142
23	175
23	178
23	227
23	188
23	218
23	183
23	184
23	168
23	205
23	134
23	173
23	198
23	204
23	221
23	202
23	207
23	146
23	156
23	195
23	177
23	187
23	197
23	122
23	155
23	234
23	169
23	215
23	206
23	128
23	138
23	201
23	174
23	143
23	225
23	130
23	144
23	209
23	240
23	211
23	140
23	231
23	238
23	193
23	239
23	230
23	210
24	217
24	147
24	141
24	177
24	137
24	129
24	180
24	128
24	145
24	182
24	187
24	169
24	123
24	146
24	199
24	226
24	195
24	175
24	209
24	164
24	239
24	223
24	127
24	225
24	216
24	231
24	227
24	190
24	134
24	183
24	204
24	176
24	184
24	172
24	173
24	142
24	126
24	139
24	181
24	219
24	135
24	171
24	232
24	236
24	215
24	153
24	192
24	207
24	150
24	228
24	202
24	178
24	160
24	161
24	140
24	198
24	208
24	229
24	132
24	138
24	221
24	233
24	196
24	156
24	230
24	168
24	200
24	214
24	237
24	213
24	197
24	234
25	151
25	133
25	209
25	213
25	195
25	233
25	141
25	194
25	218
25	230
25	226
25	126
25	224
25	178
25	152
25	179
25	211
25	237
25	148
25	153
25	188
25	125
25	167
25	223
25	234
25	200
25	168
25	135
25	191
25	146
25	205
25	156
25	238
25	132
25	144
25	198
25	157
25	182
25	203
25	130
25	196
25	208
25	138
25	123
25	202
25	236
25	139
25	131
25	176
25	159
25	169
25	186
25	201
25	225
25	140
25	136
25	227
25	229
25	210
25	121
25	181
25	231
25	142
26	135
26	228
26	160
26	147
26	234
26	143
26	217
26	165
26	133
26	204
26	186
26	154
26	205
26	142
26	156
26	195
26	145
26	130
26	233
26	238
26	192
26	231
26	208
26	129
26	137
26	162
26	239
26	216
26	222
26	178
26	139
26	207
26	144
26	196
26	181
26	180
26	176
26	232
26	146
26	194
26	188
26	132
26	136
26	172
26	173
26	190
26	199
26	230
26	183
26	214
26	201
26	187
26	168
26	151
26	185
26	159
26	226
26	175
26	128
26	153
26	166
26	220
26	122
26	179
26	215
26	167
26	169
27	149
27	124
27	237
27	230
27	130
27	199
27	168
27	133
27	125
27	131
27	154
27	226
27	157
27	195
27	189
27	142
27	204
27	170
27	239
27	200
27	210
27	158
27	177
27	219
27	155
27	188
27	227
27	205
27	220
27	132
27	212
27	165
27	201
27	178
27	213
27	148
27	140
27	171
27	144
27	134
27	138
27	151
27	233
27	236
27	137
27	180
27	183
27	228
27	232
27	208
27	150
27	123
27	176
27	217
27	141
27	202
27	169
27	175
27	182
27	181
27	145
27	196
27	122
27	192
27	240
27	187
27	184
28	238
28	235
28	208
28	233
28	168
28	160
28	227
28	130
28	183
28	237
28	125
28	180
28	163
28	213
28	234
28	165
28	210
28	220
28	219
28	240
28	211
28	223
28	193
28	154
28	161
28	174
28	190
28	179
28	195
28	197
28	148
28	152
28	178
28	214
28	166
28	236
28	127
28	129
28	191
28	158
28	145
28	200
28	159
28	146
28	133
28	123
28	177
28	202
28	121
28	136
28	232
28	182
28	188
28	229
28	230
28	142
28	222
28	226
28	170
28	141
28	217
28	185
28	139
28	138
28	231
29	182
29	127
29	144
29	159
29	145
29	158
29	211
29	191
29	223
29	224
29	232
29	142
29	217
29	233
29	180
29	212
29	183
29	151
29	168
29	143
29	181
29	221
29	206
29	139
29	239
29	200
29	190
29	196
29	216
29	186
29	157
29	215
29	198
29	149
29	166
29	229
29	165
29	193
29	125
29	128
29	153
29	220
29	234
29	195
29	138
29	227
29	133
29	203
29	209
29	131
29	122
29	174
29	135
29	214
29	152
29	164
29	204
29	132
29	192
29	169
29	121
30	217
30	184
30	171
30	136
30	227
30	229
30	233
30	205
30	160
30	162
30	126
30	123
30	138
30	146
30	144
30	155
30	124
30	216
30	174
30	200
30	166
30	133
30	231
30	201
30	169
30	121
30	232
30	170
30	213
30	212
30	128
30	225
30	143
30	129
30	214
30	141
30	218
30	148
30	185
30	193
30	156
30	167
30	226
30	215
30	236
30	224
30	163
30	154
30	173
30	125
30	178
30	122
30	191
30	153
30	176
30	130
30	198
30	131
30	207
30	237
30	157
30	158
30	152
30	211
30	190
30	219
30	161
30	197
30	239
31	155
31	188
31	205
31	150
31	225
31	237
31	156
31	142
31	171
31	172
31	123
31	167
31	135
31	206
31	158
31	122
31	147
31	130
31	193
31	240
31	191
31	157
31	154
31	183
31	139
31	186
31	222
31	224
31	223
31	166
31	190
31	129
31	124
31	230
31	211
31	137
31	138
31	202
31	159
31	128
31	176
31	221
31	201
31	178
31	127
31	210
31	133
31	164
31	187
31	182
31	151
31	216
31	234
31	168
31	161
31	203
31	198
31	218
31	238
31	160
31	192
31	213
31	212
31	153
31	144
31	196
31	189
31	170
31	207
31	148
31	228
31	152
31	214
31	219
31	146
31	149
31	145
32	129
32	225
32	205
32	156
32	204
32	144
32	196
32	135
32	154
32	160
32	191
32	194
32	200
32	230
32	218
32	193
32	143
32	163
32	234
32	159
32	171
32	224
32	164
32	217
32	208
32	140
32	169
32	155
32	168
32	170
32	131
32	206
32	214
32	192
32	240
32	128
32	226
32	122
32	186
32	166
32	136
32	213
32	238
32	201
32	142
32	237
32	222
32	134
32	197
32	130
32	220
32	187
32	236
32	146
32	229
32	157
32	215
32	199
32	179
32	127
32	121
32	203
32	132
32	126
32	123
32	180
32	231
32	232
32	153
32	172
33	213
33	162
33	136
33	179
33	141
33	159
33	211
33	175
33	161
33	220
33	173
33	163
33	168
33	199
33	207
33	238
33	234
33	202
33	223
33	132
33	209
33	129
33	155
33	157
33	186
33	142
33	187
33	122
33	134
33	151
33	222
33	150
33	194
33	166
33	200
33	127
33	138
33	189
33	215
33	135
33	177
33	181
33	205
33	178
33	204
33	145
33	185
33	226
33	231
33	183
33	232
33	197
33	133
33	126
33	167
33	203
33	224
33	212
33	148
33	233
33	143
33	174
33	184
33	144
33	192
33	169
33	235
33	227
33	196
34	193
34	122
34	136
34	134
34	123
34	153
34	219
34	211
34	200
34	176
34	162
34	225
34	168
34	183
34	234
34	201
34	228
34	127
34	132
34	220
34	192
34	161
34	171
34	196
34	157
34	137
34	173
34	146
34	144
34	197
34	128
34	145
34	180
34	203
34	126
34	129
34	232
34	240
34	212
34	175
34	133
34	198
34	204
34	130
34	210
34	182
34	135
34	226
34	216
34	213
34	237
34	238
34	233
34	151
34	229
34	178
34	152
34	160
34	150
34	143
34	195
34	188
34	227
34	235
34	172
34	155
34	165
35	201
35	238
35	166
35	184
35	218
35	165
35	191
35	181
35	214
35	222
35	162
35	224
35	197
35	145
35	158
35	161
35	124
35	178
35	195
35	170
35	157
35	209
35	183
35	221
35	176
35	127
35	194
35	138
35	217
35	133
35	168
35	213
35	232
35	175
35	211
35	185
35	177
35	198
35	126
35	204
35	144
35	149
35	160
35	182
35	136
35	167
35	202
35	229
35	139
35	140
35	123
35	223
35	225
35	228
35	142
35	147
35	231
35	122
35	135
35	205
35	216
35	212
35	153
35	125
35	210
35	150
35	227
35	239
35	188
36	171
36	172
36	123
36	150
36	226
36	229
36	165
36	130
36	223
36	196
36	170
36	212
36	192
36	126
36	208
36	224
36	141
36	155
36	220
36	203
36	207
36	145
36	182
36	152
36	180
36	187
36	194
36	143
36	218
36	233
36	134
36	183
36	185
36	167
36	174
36	153
36	164
36	232
36	201
36	175
36	132
36	128
36	222
36	217
36	219
36	159
36	235
36	151
36	136
36	169
36	163
36	179
36	239
36	191
36	186
36	147
36	188
36	209
36	230
36	214
36	121
36	133
36	237
36	227
36	197
36	149
36	129
36	158
36	236
36	168
37	149
37	199
37	170
37	195
37	205
37	187
37	181
37	229
37	182
37	200
37	186
37	142
37	130
37	141
37	206
37	134
37	209
37	228
37	133
37	230
37	140
37	232
37	157
37	126
37	189
37	160
37	201
37	222
37	123
37	127
37	180
37	162
37	131
37	145
37	143
37	150
37	161
37	163
37	178
37	215
37	176
37	219
37	198
37	217
37	155
37	171
37	238
37	224
37	137
37	190
37	218
37	227
37	204
37	136
37	192
37	184
37	154
37	132
37	185
37	183
37	221
37	179
37	169
37	197
37	173
37	226
37	121
37	240
37	174
38	190
38	121
38	201
38	200
38	146
38	202
38	209
38	129
38	240
38	123
38	236
38	183
38	181
38	171
38	195
38	231
38	157
38	213
38	174
38	165
38	141
38	131
38	150
38	187
38	122
38	142
38	139
38	140
38	189
38	126
38	168
38	204
38	206
38	145
38	239
38	125
38	164
38	214
38	185
38	186
38	159
38	172
38	198
38	220
38	222
38	138
38	147
38	237
38	210
38	234
38	148
38	193
38	154
38	137
38	163
38	143
38	169
38	152
38	218
38	132
38	177
38	226
38	170
38	217
39	157
39	230
39	158
39	154
39	218
39	134
39	169
39	205
39	212
39	121
39	235
39	220
39	161
39	177
39	126
39	184
39	172
39	228
39	182
39	153
39	226
39	181
39	183
39	146
39	224
39	207
39	192
39	201
39	202
39	185
39	128
39	237
39	197
39	194
39	178
39	129
39	127
39	150
39	151
39	141
39	233
39	170
39	164
39	225
39	211
39	208
39	139
39	239
39	219
39	136
39	165
39	193
39	175
39	215
39	234
39	168
39	231
39	133
39	173
39	180
39	137
39	144
39	191
39	140
39	156
39	131
40	131
40	196
40	183
40	169
40	175
40	179
40	239
40	191
40	192
40	149
40	176
40	181
40	163
40	213
40	224
40	195
40	240
40	214
40	168
40	153
40	167
40	238
40	166
40	134
40	227
40	164
40	223
40	135
40	234
40	128
40	177
40	155
40	121
40	145
40	203
40	139
40	237
40	129
40	133
40	180
40	218
40	226
40	171
40	162
40	199
40	125
40	172
40	147
40	173
40	204
40	190
40	178
40	197
40	189
40	198
40	161
40	211
40	146
40	201
40	228
40	208
40	236
40	230
40	187
40	143
40	235
40	215
40	127
40	219
41	180
41	168
41	178
41	220
41	124
41	141
41	137
41	182
41	191
41	151
41	194
41	149
41	135
41	154
41	164
41	197
41	181
41	139
41	205
41	186
41	210
41	231
41	140
41	176
41	179
41	199
41	214
41	233
41	165
41	138
41	134
41	200
41	172
41	171
41	196
41	166
41	238
41	157
41	133
41	129
41	216
41	207
41	188
41	236
41	217
41	206
41	192
41	162
41	158
41	239
41	150
41	211
41	234
41	227
41	131
41	193
41	159
41	203
41	127
41	156
41	142
41	173
41	175
41	187
41	222
41	128
42	156
42	185
42	151
42	188
42	142
42	137
42	195
42	214
42	167
42	220
42	211
42	152
42	161
42	206
42	198
42	216
42	197
42	177
42	183
42	240
42	207
42	139
42	200
42	225
42	160
42	147
42	145
42	165
42	213
42	204
42	159
42	141
42	190
42	133
42	155
42	126
42	194
42	121
42	128
42	158
42	171
42	168
42	163
42	187
42	127
42	238
42	176
42	189
42	184
42	191
42	182
42	226
42	199
42	210
42	153
42	239
42	236
42	201
42	231
42	164
42	129
42	138
42	217
42	223
43	233
43	230
43	226
43	184
43	215
43	187
43	164
43	206
43	166
43	236
43	161
43	204
43	170
43	147
43	185
43	123
43	141
43	171
43	186
43	229
43	143
43	174
43	130
43	122
43	194
43	153
43	165
43	125
43	146
43	223
43	240
43	134
43	156
43	128
43	213
43	218
43	137
43	149
43	188
43	231
43	159
43	212
43	209
43	234
43	135
43	175
43	200
43	235
43	142
43	132
43	221
43	129
43	228
43	127
43	139
43	183
43	152
44	156
44	220
44	227
44	200
44	187
44	180
44	141
44	198
44	193
44	223
44	202
44	185
44	149
44	163
44	175
44	139
44	222
44	182
44	165
44	166
44	127
44	230
44	203
44	235
44	226
44	132
44	124
44	126
44	228
44	216
44	209
44	191
44	148
44	158
44	138
44	236
44	172
44	237
44	130
44	167
44	183
44	189
44	240
44	162
44	234
44	215
44	133
44	239
44	123
44	143
44	229
44	204
44	151
44	233
44	154
44	160
44	157
44	159
44	168
44	186
44	205
45	193
45	201
45	149
45	226
45	188
45	186
45	194
45	192
45	197
45	137
45	206
45	167
45	141
45	143
45	130
45	131
45	158
45	157
45	128
45	142
45	136
45	191
45	129
45	178
45	210
45	138
45	198
45	126
45	183
45	218
45	217
45	231
45	199
45	121
45	176
45	132
45	146
45	173
45	182
45	177
45	124
45	221
45	135
45	240
45	238
45	148
45	190
45	229
45	166
45	228
45	169
45	223
45	216
45	163
45	171
45	170
45	209
45	233
46	190
46	131
46	155
46	145
46	209
46	161
46	134
46	192
46	141
46	167
46	229
46	195
46	157
46	189
46	153
46	148
46	233
46	166
46	218
46	168
46	200
46	149
46	225
46	139
46	124
46	138
46	181
46	129
46	236
46	140
46	198
46	169
46	223
46	203
46	151
46	133
46	180
46	156
46	202
46	143
46	137
46	184
46	176
46	152
46	235
46	206
46	164
46	201
46	213
46	171
46	178
46	179
46	146
46	174
46	234
46	144
46	194
46	239
46	208
46	159
46	142
46	228
46	177
46	227
46	217
46	162
46	173
47	182
47	239
47	128
47	173
47	148
47	217
47	125
47	160
47	138
47	137
47	230
47	184
47	124
47	194
47	172
47	131
47	197
47	168
47	153
47	142
47	181
47	133
47	220
47	232
47	187
47	170
47	235
47	189
47	216
47	218
47	202
47	199
47	198
47	144
47	152
47	209
47	223
47	150
47	225
47	219
47	240
47	190
47	127
47	210
47	145
47	200
47	234
47	211
47	226
47	229
47	237
47	204
47	163
47	214
47	162
47	161
47	206
47	164
47	130
47	203
47	176
47	158
47	136
48	237
48	173
48	228
48	148
48	149
48	147
48	123
48	193
48	219
48	206
48	168
48	186
48	231
48	211
48	152
48	157
48	185
48	161
48	203
48	200
48	190
48	178
48	175
48	181
48	187
48	163
48	239
48	197
48	195
48	140
48	146
48	220
48	191
48	150
48	164
48	226
48	177
48	180
48	229
48	122
48	182
48	238
48	196
48	198
48	145
48	128
48	235
48	131
48	218
48	209
48	224
48	208
48	202
48	156
48	144
48	207
48	130
48	170
48	233
48	129
48	234
48	124
48	210
48	212
48	179
48	214
48	166
48	194
48	176
49	154
49	228
49	238
49	181
49	210
49	124
49	141
49	132
49	144
49	157
49	153
49	173
49	147
49	175
49	233
49	134
49	225
49	237
49	149
49	170
49	156
49	127
49	125
49	160
49	187
49	204
49	239
49	166
49	192
49	203
49	146
49	171
49	221
49	212
49	184
49	168
49	131
49	202
49	240
49	214
49	216
49	205
49	140
49	195
49	159
49	145
49	122
49	201
49	142
49	180
49	200
49	222
49	133
49	213
49	223
49	235
49	196
49	208
49	234
49	135
49	130
49	139
49	209
49	123
49	172
49	207
49	150
50	173
50	164
50	195
50	191
50	129
50	168
50	152
50	172
50	240
50	198
50	162
50	124
50	141
50	189
50	184
50	238
50	201
50	149
50	136
50	121
50	239
50	123
50	202
50	157
50	228
50	203
50	227
50	222
50	180
50	161
50	210
50	139
50	142
50	181
50	237
50	135
50	214
50	130
50	145
50	209
50	138
50	197
50	194
50	229
50	230
50	206
50	224
50	165
50	190
50	132
50	171
50	126
50	199
50	154
50	192
50	148
50	211
50	134
50	231
50	220
50	217
50	140
50	127
50	128
51	138
51	218
51	214
51	202
51	127
51	149
51	159
51	233
51	132
51	173
51	201
51	136
51	192
51	207
51	240
51	174
51	155
51	144
51	154
51	223
51	142
51	135
51	221
51	187
51	228
51	121
51	190
51	237
51	162
51	188
51	183
51	157
51	164
51	209
51	200
51	128
51	134
51	198
51	191
51	180
51	161
51	140
51	124
51	165
51	236
51	231
51	220
51	131
51	196
51	212
51	160
51	177
51	123
51	167
51	130
51	185
51	163
51	216
51	166
51	211
51	219
51	156
51	171
51	222
51	139
51	197
51	208
52	217
52	149
52	137
52	224
52	198
52	190
52	183
52	221
52	192
52	232
52	176
52	209
52	234
52	121
52	134
52	222
52	185
52	170
52	184
52	138
52	179
52	226
52	172
52	151
52	207
52	219
52	141
52	124
52	135
52	178
52	157
52	164
52	150
52	220
52	146
52	147
52	123
52	142
52	161
52	125
52	237
52	186
52	171
52	144
52	228
52	129
52	156
52	136
52	196
52	145
52	163
52	148
52	140
52	213
52	127
52	218
52	206
52	165
52	158
52	194
52	200
52	231
52	181
52	239
52	131
52	215
52	154
52	168
52	180
52	169
53	155
53	170
53	175
53	225
53	136
53	221
53	207
53	133
53	153
53	212
53	161
53	214
53	201
53	141
53	151
53	131
53	181
53	167
53	164
53	194
53	124
53	196
53	129
53	130
53	149
53	205
53	210
53	188
53	226
53	146
53	184
53	159
53	134
53	123
53	178
53	232
53	132
53	166
53	192
53	137
53	204
53	190
53	195
53	183
53	191
53	189
53	240
53	173
53	126
53	156
53	230
53	142
53	198
53	237
53	219
53	140
53	217
53	158
53	160
53	138
53	171
53	229
53	203
53	152
53	182
53	239
53	208
54	127
54	184
54	231
54	154
54	130
54	155
54	208
54	210
54	156
54	217
54	148
54	133
54	219
54	165
54	121
54	174
54	146
54	196
54	190
54	152
54	191
54	193
54	218
54	188
54	122
54	207
54	168
54	212
54	135
54	177
54	180
54	238
54	224
54	195
54	158
54	215
54	230
54	128
54	173
54	125
54	223
54	137
54	150
54	136
54	166
54	171
54	175
54	237
54	141
54	204
54	159
54	185
54	178
54	240
54	147
54	214
54	199
54	140
54	203
54	123
54	139
55	164
55	220
55	235
55	224
55	133
55	183
55	188
55	225
55	156
55	143
55	134
55	180
55	131
55	153
55	205
55	132
55	151
55	178
55	198
55	126
55	174
55	144
55	209
55	237
55	147
55	157
55	129
55	122
55	162
55	166
55	161
55	232
55	197
55	124
55	127
55	136
55	135
55	125
55	175
55	149
55	240
55	186
55	204
55	219
55	189
55	155
55	223
55	173
55	185
55	159
55	212
55	154
55	140
55	229
55	160
55	194
55	239
55	210
55	226
55	150
55	171
55	215
55	128
55	216
55	170
55	139
55	213
55	234
55	196
55	207
55	195
55	172
55	199
55	152
55	167
56	149
56	162
56	133
56	163
56	188
56	142
56	226
56	210
56	219
56	139
56	160
56	205
56	190
56	141
56	154
56	137
56	172
56	171
56	233
56	123
56	148
56	157
56	216
56	146
56	217
56	169
56	134
56	138
56	215
56	221
56	132
56	203
56	193
56	229
56	225
56	189
56	235
56	155
56	202
56	231
56	239
56	196
56	151
56	150
56	159
56	153
56	161
56	222
56	174
56	230
56	227
56	143
56	130
56	175
56	121
56	135
56	152
56	140
56	164
56	177
56	156
56	236
56	232
56	128
56	126
56	183
57	209
57	217
57	163
57	130
57	169
57	206
57	204
57	139
57	153
57	236
57	234
57	240
57	227
57	167
57	183
57	205
57	156
57	212
57	222
57	179
57	220
57	168
57	150
57	197
57	127
57	162
57	211
57	187
57	185
57	224
57	137
57	201
57	210
57	172
57	198
57	229
57	181
57	203
57	121
57	233
57	124
57	182
57	141
57	146
57	189
57	175
57	218
57	190
57	192
57	225
57	152
57	208
57	239
57	140
57	149
57	214
57	238
57	235
57	159
57	221
57	186
57	164
57	200
57	232
57	132
57	191
58	232
58	206
58	191
58	125
58	214
58	177
58	122
58	208
58	229
58	198
58	240
58	184
58	157
58	216
58	210
58	190
58	219
58	199
58	166
58	187
58	223
58	167
58	207
58	123
58	228
58	134
58	180
58	151
58	220
58	165
58	218
58	173
58	155
58	124
58	162
58	222
58	179
58	132
58	169
58	149
58	194
58	213
58	197
58	185
58	152
58	150
58	203
58	236
58	231
58	226
58	172
58	145
58	170
58	129
58	201
58	212
58	200
58	230
58	196
58	138
58	204
58	186
58	127
58	211
58	163
58	192
58	176
58	239
58	209
58	141
58	131
58	168
58	126
58	135
59	147
59	135
59	156
59	209
59	160
59	142
59	224
59	123
59	175
59	177
59	149
59	193
59	227
59	148
59	127
59	219
59	144
59	238
59	153
59	134
59	220
59	190
59	186
59	217
59	202
59	207
59	152
59	151
59	218
59	203
59	150
59	204
59	168
59	197
59	131
59	182
59	194
59	145
59	240
59	199
59	124
59	155
59	225
59	171
59	159
59	161
59	208
59	129
59	216
59	125
59	132
59	211
59	121
59	223
59	226
59	163
59	154
59	228
59	229
59	185
59	214
59	187
59	158
59	162
59	192
59	200
59	221
59	157
59	230
60	186
60	133
60	169
60	141
60	197
60	123
60	150
60	184
60	200
60	163
60	180
60	221
60	195
60	207
60	130
60	156
60	157
60	147
60	229
60	236
60	151
60	191
60	145
60	142
60	165
60	234
60	149
60	214
60	181
60	161
60	215
60	233
60	177
60	171
60	192
60	228
60	137
60	126
60	158
60	154
60	235
60	218
60	132
60	193
60	188
60	219
60	173
60	175
60	127
60	121
60	139
60	222
60	164
60	160
60	227
60	174
60	135
60	131
60	153
60	216
60	176
60	232
60	138
61	167
61	180
61	172
61	145
61	217
61	200
61	159
61	176
61	223
61	138
61	235
61	139
61	135
61	196
61	144
61	162
61	184
61	130
61	193
61	132
61	178
61	209
61	177
61	165
61	231
61	205
61	140
61	122
61	190
61	211
61	238
61	142
61	179
61	143
61	191
61	171
61	214
61	188
61	160
61	207
61	134
61	183
61	204
61	137
61	199
61	229
61	215
61	222
61	224
61	121
61	219
61	163
61	194
61	170
61	129
61	128
61	187
61	212
61	123
61	240
61	220
62	146
62	221
62	188
62	239
62	191
62	148
62	193
62	126
62	129
62	175
62	201
62	212
62	192
62	195
62	190
62	138
62	145
62	157
62	209
62	238
62	174
62	204
62	151
62	164
62	223
62	197
62	160
62	172
62	169
62	125
62	132
62	137
62	224
62	165
62	207
62	131
62	133
62	163
62	139
62	194
62	200
62	233
62	180
62	140
62	228
62	185
62	142
62	226
62	176
62	136
62	173
62	127
62	128
62	234
62	162
62	231
62	214
62	222
62	166
62	220
62	199
62	187
62	189
62	183
62	182
62	135
62	167
62	159
62	215
63	196
63	218
63	221
63	173
63	139
63	174
63	131
63	127
63	193
63	229
63	217
63	147
63	179
63	188
63	219
63	154
63	201
63	157
63	164
63	125
63	167
63	228
63	137
63	238
63	175
63	146
63	138
63	181
63	148
63	150
63	144
63	168
63	191
63	178
63	182
63	169
63	209
63	171
63	163
63	129
63	140
63	235
63	233
63	183
63	236
63	166
63	211
63	216
63	205
63	187
63	152
63	161
63	237
63	122
63	145
63	225
63	220
63	210
63	176
63	162
63	160
63	158
63	222
63	227
63	180
63	155
63	170
64	135
64	166
64	181
64	229
64	129
64	122
64	130
64	172
64	192
64	195
64	137
64	193
64	133
64	213
64	214
64	149
64	123
64	142
64	168
64	165
64	206
64	176
64	125
64	222
64	171
64	224
64	175
64	154
64	127
64	201
64	217
64	202
64	236
64	200
64	179
64	231
64	208
64	157
64	187
64	219
64	188
64	197
64	230
64	196
64	145
64	227
64	190
64	216
64	177
64	183
64	131
64	128
64	226
64	146
64	220
64	199
64	138
64	139
64	204
64	235
64	182
64	167
64	240
64	215
64	143
65	143
65	149
65	181
65	138
65	168
65	172
65	139
65	190
65	154
65	196
65	232
65	213
65	211
65	208
65	175
65	132
65	164
65	238
65	188
65	129
65	145
65	235
65	166
65	194
65	237
65	158
65	215
65	177
65	191
65	236
65	184
65	161
65	171
65	219
65	212
65	152
65	183
65	124
65	179
65	206
65	121
65	228
65	187
65	126
65	174
65	186
65	209
65	135
65	140
65	173
65	224
65	195
65	162
65	160
65	128
65	227
65	163
65	225
65	144
65	125
65	148
65	220
65	156
65	159
65	167
65	122
65	217
65	229
65	197
65	182
65	147
65	233
66	222
66	197
66	165
66	123
66	195
66	154
66	198
66	220
66	168
66	149
66	193
66	122
66	141
66	215
66	192
66	176
66	145
66	137
66	134
66	143
66	158
66	210
66	160
66	159
66	142
66	126
66	130
66	128
66	146
66	236
66	181
66	127
66	182
66	204
66	121
66	148
66	169
66	156
66	196
66	177
66	150
66	235
66	140
66	173
66	170
66	224
66	223
66	201
66	214
66	136
66	183
66	164
66	155
66	227
66	230
66	189
66	203
66	202
66	208
66	185
66	233
66	234
66	184
66	175
66	219
66	194
66	205
66	166
66	237
67	167
67	220
67	231
67	219
67	123
67	131
67	238
67	223
67	201
67	195
67	203
67	211
67	186
67	160
67	187
67	154
67	151
67	168
67	225
67	190
67	206
67	233
67	135
67	215
67	232
67	136
67	210
67	127
67	227
67	196
67	137
67	235
67	156
67	159
67	192
67	191
67	197
67	143
67	184
67	134
67	148
67	174
67	146
67	224
67	165
67	147
67	169
67	188
67	228
67	189
67	150
67	157
67	170
67	133
67	183
67	180
67	153
67	216
67	181
67	214
67	226
67	149
67	142
68	215
68	160
68	194
68	234
68	167
68	153
68	152
68	129
68	127
68	228
68	203
68	147
68	146
68	181
68	155
68	213
68	202
68	178
68	220
68	135
68	137
68	193
68	156
68	238
68	150
68	198
68	138
68	131
68	210
68	170
68	204
68	134
68	161
68	239
68	221
68	164
68	175
68	172
68	177
68	139
68	195
68	209
68	192
68	151
68	133
68	169
68	206
68	179
68	186
68	237
68	144
68	226
68	126
68	219
68	132
68	227
68	121
68	184
68	189
68	143
68	176
68	140
68	174
68	159
68	145
68	141
69	196
69	152
69	189
69	135
69	170
69	164
69	232
69	140
69	231
69	142
69	146
69	197
69	147
69	233
69	235
69	124
69	229
69	227
69	175
69	158
69	122
69	230
69	208
69	204
69	187
69	218
69	223
69	176
69	143
69	209
69	169
69	136
69	210
69	234
69	130
69	121
69	192
69	185
69	199
69	157
69	162
69	190
69	156
69	131
69	145
69	221
69	160
69	137
69	191
69	193
69	125
69	225
69	183
69	214
69	181
69	222
69	219
69	216
69	165
69	139
69	132
69	127
69	167
69	123
69	128
69	195
70	194
70	207
70	240
70	238
70	123
70	158
70	222
70	129
70	165
70	216
70	148
70	231
70	187
70	196
70	124
70	164
70	160
70	220
70	180
70	168
70	227
70	213
70	134
70	157
70	142
70	237
70	236
70	211
70	132
70	151
70	176
70	235
70	147
70	233
70	173
70	190
70	136
70	179
70	130
70	121
70	156
70	192
70	239
70	166
70	186
70	219
70	185
70	201
70	137
70	127
70	206
70	167
70	191
70	146
70	199
70	234
70	174
70	162
70	188
70	153
70	212
70	177
70	152
70	205
70	209
70	202
71	199
71	172
71	164
71	225
71	138
71	224
71	154
71	121
71	203
71	157
71	163
71	143
71	209
71	220
71	177
71	190
71	179
71	237
71	231
71	232
71	238
71	165
71	184
71	152
71	150
71	239
71	158
71	148
71	188
71	195
71	132
71	141
71	131
71	202
71	196
71	123
71	176
71	211
71	221
71	218
71	145
71	130
71	129
71	207
71	187
71	192
71	208
71	226
71	156
71	180
71	236
71	125
71	169
71	206
71	214
71	215
71	161
71	167
71	212
71	126
71	173
71	170
71	135
71	159
71	171
71	144
72	165
72	204
72	171
72	172
72	177
72	186
72	237
72	127
72	168
72	188
72	220
72	153
72	174
72	125
72	233
72	207
72	130
72	166
72	193
72	154
72	211
72	131
72	215
72	136
72	209
72	191
72	179
72	235
72	227
72	202
72	189
72	132
72	143
72	203
72	196
72	135
72	128
72	185
72	163
72	224
72	145
72	182
72	222
72	239
72	149
72	197
72	138
72	126
72	217
72	164
72	158
72	121
72	133
72	232
72	144
72	199
72	210
72	219
72	192
72	213
72	234
72	148
72	183
72	157
72	152
73	139
73	122
73	154
73	129
73	167
73	182
73	207
73	209
73	147
73	219
73	208
73	172
73	214
73	217
73	126
73	123
73	149
73	188
73	233
73	224
73	218
73	155
73	157
73	189
73	212
73	124
73	204
73	186
73	144
73	221
73	153
73	141
73	125
73	181
73	145
73	192
73	227
73	173
73	163
73	134
73	196
73	156
73	216
73	143
73	185
73	240
73	183
73	138
73	210
73	230
73	197
73	195
73	169
73	162
73	166
73	229
73	131
73	223
73	205
73	140
73	222
73	187
73	228
73	161
73	127
73	158
73	160
73	176
73	164
73	238
73	178
73	179
74	145
74	158
74	205
74	155
74	139
74	142
74	129
74	132
74	199
74	125
74	182
74	160
74	194
74	208
74	238
74	209
74	171
74	166
74	165
74	143
74	229
74	207
74	136
74	178
74	210
74	222
74	198
74	224
74	233
74	123
74	216
74	236
74	179
74	157
74	213
74	193
74	156
74	195
74	141
74	188
74	204
74	149
74	146
74	172
74	131
74	153
74	187
74	211
74	228
74	134
74	124
74	215
74	150
74	162
74	138
74	232
74	183
74	240
74	190
75	182
75	195
75	222
75	150
75	168
75	133
75	216
75	128
75	143
75	239
75	192
75	201
75	171
75	136
75	129
75	234
75	191
75	203
75	173
75	142
75	146
75	164
75	176
75	153
75	161
75	167
75	221
75	140
75	238
75	193
75	200
75	131
75	212
75	180
75	223
75	165
75	134
75	121
75	194
75	159
75	207
75	196
75	205
75	230
75	160
75	149
75	144
75	177
75	162
75	166
75	236
75	122
75	204
75	199
75	208
75	231
75	125
75	170
75	179
75	213
75	132
75	225
75	214
76	125
76	228
76	169
76	232
76	193
76	202
76	165
76	219
76	141
76	212
76	214
76	213
76	196
76	128
76	217
76	206
76	197
76	211
76	160
76	238
76	161
76	179
76	229
76	185
76	189
76	127
76	130
76	162
76	192
76	225
76	174
76	223
76	194
76	182
76	218
76	222
76	131
76	121
76	175
76	239
76	145
76	204
76	236
76	235
76	122
76	170
76	154
76	172
76	150
76	124
76	183
76	155
76	210
76	129
76	159
76	188
76	164
76	137
76	180
76	234
76	207
76	146
76	123
76	237
77	154
77	196
77	132
77	205
77	150
77	158
77	155
77	165
77	173
77	161
77	235
77	152
77	217
77	129
77	216
77	200
77	136
77	197
77	141
77	192
77	187
77	198
77	207
77	204
77	125
77	185
77	168
77	231
77	189
77	144
77	203
77	151
77	171
77	145
77	175
77	160
77	142
77	202
77	239
77	176
77	166
77	121
77	237
77	137
77	181
77	182
77	225
77	131
77	228
77	211
77	234
77	190
77	123
77	147
77	134
77	186
77	230
77	122
77	138
77	214
77	174
77	240
77	218
77	156
77	179
77	149
77	170
77	223
77	220
77	227
78	154
78	132
78	185
78	147
78	179
78	204
78	189
78	225
78	131
78	207
78	220
78	155
78	165
78	129
78	200
78	142
78	162
78	191
78	208
78	151
78	206
78	236
78	227
78	199
78	205
78	128
78	177
78	235
78	201
78	141
78	156
78	145
78	186
78	233
78	221
78	224
78	229
78	137
78	171
78	180
78	222
78	122
78	125
78	161
78	172
78	231
78	218
78	178
78	237
78	188
78	138
78	223
78	182
78	219
78	173
78	212
78	127
78	194
78	150
78	209
78	143
78	136
78	149
78	158
78	134
78	214
78	123
78	169
78	184
79	188
79	218
79	144
79	227
79	159
79	238
79	121
79	229
79	163
79	133
79	187
79	135
79	213
79	223
79	169
79	166
79	180
79	153
79	179
79	125
79	196
79	143
79	199
79	132
79	152
79	142
79	155
79	146
79	203
79	207
79	189
79	217
79	150
79	191
79	186
79	211
79	154
79	147
79	162
79	136
79	182
79	219
79	181
79	174
79	198
79	165
79	171
79	158
79	148
79	145
79	134
79	197
79	190
79	222
79	239
79	139
79	185
79	201
79	210
79	140
79	170
79	138
79	172
79	226
79	232
79	128
80	142
80	143
80	148
80	125
80	176
80	146
80	183
80	149
80	166
80	139
80	235
80	220
80	155
80	200
80	138
80	227
80	156
80	197
80	195
80	226
80	184
80	130
80	165
80	189
80	164
80	199
80	219
80	211
80	181
80	194
80	230
80	208
80	160
80	154
80	193
80	215
80	180
80	124
80	231
80	168
80	175
80	129
80	209
80	240
80	202
80	236
80	144
80	131
80	171
80	157
80	170
80	167
80	233
80	229
80	128
80	186
80	169
80	192
80	214
80	222
80	217
80	158
80	140
80	188
80	161
80	205
81	232
81	145
81	235
81	132
81	133
81	174
81	211
81	197
81	212
81	192
81	186
81	225
81	126
81	136
81	149
81	163
81	237
81	157
81	238
81	189
81	170
81	226
81	209
81	221
81	214
81	159
81	124
81	161
81	229
81	141
81	129
81	138
81	167
81	204
81	188
81	166
81	213
81	173
81	220
81	231
81	190
81	165
81	239
81	184
81	152
81	207
81	185
81	150
81	181
81	139
81	180
81	233
81	234
81	151
81	205
81	230
81	155
81	154
81	176
81	202
82	231
82	229
82	192
82	180
82	212
82	156
82	172
82	159
82	196
82	122
82	237
82	129
82	200
82	133
82	163
82	161
82	170
82	150
82	153
82	238
82	123
82	127
82	137
82	173
82	144
82	227
82	234
82	206
82	181
82	203
82	185
82	222
82	217
82	125
82	220
82	166
82	184
82	175
82	124
82	154
82	198
82	174
82	142
82	186
82	179
82	162
82	130
82	216
82	226
82	215
82	134
82	194
82	149
82	155
82	121
82	236
82	176
82	182
82	207
82	218
82	233
82	187
82	165
82	199
82	235
82	221
82	205
83	189
83	144
83	202
83	124
83	190
83	154
83	145
83	227
83	197
83	177
83	214
83	188
83	125
83	131
83	231
83	187
83	149
83	151
83	215
83	162
83	123
83	236
83	218
83	159
83	174
83	167
83	185
83	137
83	168
83	127
83	163
83	205
83	223
83	134
83	216
83	122
83	129
83	173
83	193
83	183
83	166
83	235
83	182
83	136
83	180
83	142
83	224
83	138
83	141
83	181
83	203
83	132
83	228
83	169
83	170
83	158
83	160
83	222
83	135
83	206
83	210
83	199
83	233
83	234
83	153
83	165
83	176
83	221
83	209
83	192
83	211
83	178
83	229
83	238
84	135
84	142
84	145
84	239
84	176
84	229
84	207
84	146
84	157
84	227
84	141
84	131
84	150
84	152
84	122
84	148
84	235
84	175
84	192
84	225
84	180
84	124
84	200
84	232
84	187
84	129
84	224
84	238
84	193
84	140
84	130
84	144
84	126
84	132
84	154
84	168
84	202
84	206
84	162
84	166
84	215
84	196
84	181
84	226
84	237
84	137
84	204
84	170
84	199
84	194
84	218
84	213
84	188
84	156
84	159
84	217
84	138
84	236
84	182
84	136
84	121
84	174
84	234
84	186
84	221
84	127
84	203
84	172
85	153
85	133
85	208
85	214
85	204
85	160
85	200
85	201
85	171
85	142
85	132
85	125
85	240
85	239
85	179
85	143
85	224
85	210
85	148
85	156
85	129
85	206
85	161
85	167
85	136
85	150
85	127
85	140
85	175
85	176
85	141
85	123
85	218
85	147
85	138
85	157
85	229
85	124
85	190
85	235
85	213
85	144
85	154
85	184
85	164
85	130
85	198
85	226
85	222
85	181
85	191
85	227
85	180
85	137
85	121
85	211
85	128
85	192
85	177
85	139
85	173
85	197
85	189
85	220
85	134
85	126
85	195
85	151
85	225
85	209
86	174
86	192
86	168
86	135
86	191
86	163
86	166
86	201
86	175
86	164
86	200
86	237
86	207
86	225
86	197
86	231
86	214
86	129
86	186
86	238
86	210
86	234
86	140
86	236
86	181
86	182
86	189
86	205
86	194
86	154
86	221
86	195
86	180
86	204
86	152
86	159
86	167
86	209
86	187
86	136
86	150
86	208
86	198
86	183
86	218
86	123
86	155
86	160
86	224
86	216
86	130
86	202
86	142
86	158
86	171
86	147
86	179
86	153
86	196
86	144
86	145
86	146
86	125
86	126
86	165
86	173
86	206
87	221
87	236
87	220
87	206
87	202
87	226
87	162
87	121
87	163
87	179
87	222
87	235
87	140
87	123
87	211
87	144
87	183
87	128
87	213
87	227
87	167
87	194
87	169
87	137
87	161
87	214
87	201
87	165
87	216
87	127
87	204
87	124
87	149
87	233
87	152
87	230
87	237
87	181
87	228
87	225
87	153
87	238
87	147
87	208
87	217
87	231
87	168
87	145
87	190
87	172
87	176
87	154
87	234
87	143
87	177
87	138
87	134
87	232
87	189
87	175
87	156
87	186
87	207
87	125
87	139
87	192
87	205
87	150
87	155
87	218
87	224
88	228
88	160
88	219
88	197
88	169
88	134
88	133
88	227
88	188
88	167
88	168
88	149
88	136
88	129
88	142
88	192
88	208
88	153
88	187
88	128
88	222
88	184
88	130
88	137
88	126
88	221
88	213
88	224
88	132
88	231
88	220
88	166
88	171
88	172
88	164
88	146
88	223
88	196
88	232
88	191
88	154
88	141
88	202
88	177
88	183
88	189
88	225
88	239
88	157
88	238
88	230
88	212
88	214
88	159
88	218
88	143
88	151
88	138
88	233
88	236
88	206
88	147
88	199
88	165
88	163
89	202
89	235
89	160
89	198
89	180
89	163
89	159
89	158
89	155
89	229
89	142
89	227
89	130
89	145
89	167
89	204
89	208
89	135
89	178
89	121
89	217
89	233
89	141
89	209
89	218
89	236
89	221
89	238
89	185
89	181
89	190
89	186
89	127
89	225
89	203
89	226
89	169
89	129
89	177
89	195
89	165
89	164
89	215
89	188
89	140
89	152
89	147
89	162
89	168
89	173
89	175
89	138
89	197
89	128
89	125
89	189
89	166
89	182
89	148
89	183
89	231
89	213
89	191
89	149
89	122
90	128
90	123
90	231
90	140
90	196
90	238
90	208
90	152
90	139
90	133
90	160
90	205
90	218
90	212
90	179
90	170
90	127
90	209
90	151
90	178
90	183
90	226
90	186
90	157
90	229
90	161
90	150
90	187
90	215
90	169
90	180
90	235
90	125
90	216
90	132
90	221
90	175
90	155
90	158
90	233
90	156
90	124
90	211
90	185
90	237
90	184
90	137
90	210
90	122
90	189
90	182
90	167
90	203
90	202
90	207
90	144
90	200
90	236
90	164
90	234
90	219
90	129
91	235
91	204
91	159
91	141
91	163
91	165
91	144
91	126
91	234
91	143
91	239
91	214
91	139
91	122
91	146
91	179
91	215
91	227
91	187
91	147
91	152
91	134
91	180
91	216
91	128
91	213
91	201
91	151
91	127
91	158
91	220
91	219
91	125
91	192
91	184
91	225
91	132
91	226
91	149
91	203
91	206
91	238
91	181
91	211
91	209
91	121
91	224
91	230
91	136
91	142
91	177
91	172
91	231
91	223
91	156
91	237
91	198
91	153
91	190
91	168
91	178
91	199
91	205
91	155
91	195
91	228
91	161
91	157
92	177
92	185
92	193
92	199
92	164
92	144
92	171
92	202
92	133
92	190
92	157
92	151
92	180
92	154
92	179
92	201
92	139
92	212
92	230
92	189
92	140
92	165
92	181
92	229
92	205
92	146
92	131
92	176
92	216
92	207
92	167
92	211
92	235
92	233
92	219
92	187
92	210
92	141
92	227
92	196
92	215
92	163
92	239
92	137
92	130
92	184
92	155
92	129
92	213
92	136
92	123
92	160
92	188
92	234
92	200
92	203
92	204
92	173
92	170
92	221
92	152
92	168
92	197
92	142
92	232
92	223
92	195
92	147
92	175
92	183
92	220
92	128
93	126
93	185
93	121
93	192
93	135
93	150
93	204
93	168
93	218
93	205
93	238
93	138
93	173
93	158
93	220
93	234
93	140
93	160
93	223
93	180
93	142
93	224
93	226
93	157
93	188
93	154
93	129
93	147
93	209
93	127
93	182
93	195
93	166
93	179
93	208
93	211
93	219
93	175
93	228
93	194
93	122
93	171
93	137
93	141
93	196
93	174
93	235
93	229
93	169
93	183
93	222
93	163
93	156
93	130
93	198
93	216
93	189
93	131
93	239
93	213
93	125
93	155
93	161
93	202
93	210
93	153
93	133
93	143
93	231
93	162
94	202
94	161
94	155
94	133
94	135
94	199
94	231
94	174
94	195
94	134
94	190
94	203
94	227
94	142
94	151
94	220
94	226
94	232
94	169
94	165
94	154
94	185
94	210
94	194
94	197
94	162
94	237
94	178
94	138
94	212
94	150
94	218
94	130
94	209
94	224
94	127
94	168
94	145
94	141
94	201
94	172
94	200
94	193
94	139
94	158
94	235
94	157
94	171
94	207
94	191
94	167
94	176
94	128
94	180
94	177
94	217
94	140
94	205
94	129
94	225
94	213
94	179
94	164
94	143
94	198
94	137
94	192
94	211
94	166
94	239
95	121
95	148
95	124
95	235
95	170
95	131
95	153
95	239
95	227
95	143
95	165
95	135
95	150
95	132
95	188
95	210
95	204
95	205
95	133
95	199
95	220
95	219
95	214
95	177
95	202
95	168
95	163
95	212
95	192
95	140
95	122
95	179
95	191
95	232
95	233
95	216
95	230
95	215
95	238
95	184
95	183
95	176
95	203
95	200
95	234
95	207
95	149
95	128
95	189
95	152
95	196
95	129
95	162
95	222
95	144
96	131
96	196
96	165
96	194
96	128
96	227
96	229
96	145
96	215
96	136
96	132
96	161
96	224
96	178
96	134
96	147
96	125
96	230
96	239
96	176
96	173
96	193
96	225
96	138
96	171
96	137
96	212
96	143
96	207
96	170
96	127
96	163
96	169
96	160
96	158
96	142
96	157
96	204
96	222
96	197
96	217
96	220
96	205
96	133
96	185
96	232
96	139
96	146
96	140
96	198
96	168
96	183
96	156
96	148
96	181
96	201
96	152
96	174
96	223
96	162
96	192
96	179
96	236
96	190
96	129
96	234
96	172
96	216
96	130
96	155
96	199
96	240
96	123
96	151
96	218
96	203
97	201
97	135
97	161
97	149
97	178
97	197
97	208
97	143
97	132
97	155
97	184
97	192
97	193
97	128
97	168
97	235
97	147
97	227
97	146
97	153
97	127
97	129
97	176
97	239
97	126
97	134
97	122
97	236
97	142
97	156
97	218
97	219
97	175
97	148
97	133
97	139
97	123
97	228
97	152
97	141
97	232
97	202
97	210
97	209
97	151
97	221
97	200
97	195
97	167
97	213
97	234
97	185
97	154
97	190
97	231
97	225
97	165
97	144
97	183
97	131
97	188
97	171
97	130
97	237
97	189
98	161
98	168
98	123
98	145
98	173
98	214
98	191
98	155
98	217
98	204
98	196
98	130
98	121
98	195
98	229
98	211
98	134
98	176
98	154
98	174
98	216
98	133
98	208
98	213
98	166
98	140
98	144
98	160
98	190
98	203
98	182
98	132
98	233
98	152
98	135
98	162
98	207
98	177
98	236
98	131
98	142
98	169
98	127
98	164
98	227
98	150
98	232
98	221
98	179
98	202
98	194
98	165
98	240
98	219
98	239
98	156
98	224
98	189
98	237
98	197
98	143
98	157
98	218
98	183
98	138
98	201
98	226
98	234
98	163
99	207
99	159
99	208
99	141
99	222
99	161
99	139
99	155
99	129
99	179
99	154
99	224
99	215
99	227
99	174
99	195
99	183
99	239
99	171
99	168
99	199
99	190
99	188
99	128
99	209
99	198
99	185
99	194
99	197
99	163
99	233
99	200
99	204
99	144
99	225
99	212
99	238
99	192
99	221
99	220
99	176
99	156
99	235
99	134
99	228
99	146
99	218
99	193
99	137
99	150
99	165
99	158
99	229
99	172
99	210
99	124
99	181
99	182
99	162
99	140
99	125
99	232
99	180
99	170
99	213
99	230
99	149
99	127
99	196
99	130
99	138
99	236
100	140
100	238
100	196
100	136
100	213
100	147
100	201
100	130
100	175
100	219
100	207
100	185
100	168
100	121
100	162
100	123
100	216
100	141
100	160
100	191
100	157
100	164
100	227
100	211
100	233
100	142
100	166
100	230
100	139
100	184
100	125
100	126
100	189
100	237
100	199
100	163
100	186
100	193
100	209
100	224
100	150
100	131
100	192
100	221
100	202
100	155
100	195
100	161
100	172
100	132
100	134
100	169
100	231
100	146
100	220
100	143
100	151
100	187
100	226
100	165
100	232
100	205
100	217
100	181
100	206
100	174
100	173
100	212
100	167
100	210
100	144
100	159
100	148
100	228
100	124
100	138
100	135
101	193
101	174
101	141
101	213
101	162
101	225
101	211
101	222
101	179
101	186
101	153
101	152
101	197
101	143
101	139
101	239
101	133
101	201
101	180
101	232
101	235
101	178
101	173
101	146
101	205
101	161
101	233
101	168
101	215
101	189
101	132
101	128
101	224
101	148
101	237
101	217
101	123
101	145
101	155
101	171
101	188
101	207
101	167
101	202
101	200
101	192
101	176
101	140
101	199
101	185
101	137
101	169
101	129
101	238
101	191
101	212
101	177
101	220
101	190
101	216
101	172
101	184
101	226
101	206
101	149
101	131
101	175
101	181
101	218
102	136
102	214
102	223
102	207
102	239
102	133
102	174
102	229
102	122
102	237
102	177
102	216
102	130
102	222
102	142
102	183
102	234
102	210
102	196
102	189
102	140
102	150
102	224
102	228
102	175
102	127
102	141
102	230
102	235
102	124
102	187
102	236
102	161
102	147
102	197
102	185
102	157
102	139
102	198
102	126
102	121
102	181
102	227
102	149
102	220
102	217
102	184
102	240
102	159
102	163
102	191
102	134
102	137
102	221
102	179
102	123
102	169
102	128
102	125
102	154
102	172
102	135
102	170
102	167
102	152
102	212
102	155
103	167
103	136
103	162
103	214
103	207
103	219
103	187
103	209
103	234
103	177
103	181
103	151
103	170
103	183
103	197
103	233
103	160
103	191
103	213
103	216
103	144
103	173
103	200
103	143
103	239
103	218
103	221
103	217
103	168
103	129
103	171
103	140
103	225
103	132
103	220
103	240
103	226
103	180
103	156
103	158
103	203
103	206
103	147
103	178
103	184
103	145
103	235
103	138
103	182
103	137
103	134
103	236
103	152
103	165
103	194
103	127
103	205
103	172
103	130
103	149
103	201
103	231
103	135
103	142
103	146
103	169
103	163
103	215
103	196
103	232
103	211
103	222
103	185
104	160
104	195
104	123
104	216
104	194
104	177
104	127
104	224
104	219
104	162
104	171
104	130
104	179
104	135
104	158
104	215
104	175
104	145
104	211
104	168
104	121
104	239
104	222
104	161
104	205
104	235
104	226
104	142
104	212
104	170
104	232
104	204
104	240
104	229
104	146
104	165
104	201
104	233
104	187
104	129
104	172
104	184
104	163
104	139
104	231
104	150
104	238
104	148
104	149
104	140
104	143
104	173
104	153
104	188
104	176
104	126
104	152
104	236
104	164
104	132
104	230
104	131
104	200
104	138
104	156
104	210
104	183
104	225
105	232
105	152
105	132
105	151
105	174
105	234
105	179
105	137
105	229
105	157
105	167
105	173
105	183
105	175
105	143
105	154
105	140
105	123
105	215
105	194
105	219
105	231
105	207
105	161
105	163
105	235
105	149
105	240
105	139
105	220
105	196
105	239
105	189
105	190
105	188
105	223
105	200
105	216
105	209
105	147
105	184
105	218
105	198
105	133
105	238
105	165
105	124
105	135
105	138
105	141
105	227
105	131
105	230
105	228
105	176
105	136
106	132
106	135
106	145
106	129
106	229
106	161
106	144
106	155
106	141
106	166
106	192
106	218
106	131
106	126
106	212
106	238
106	211
106	199
106	133
106	174
106	200
106	159
106	165
106	190
106	207
106	138
106	128
106	185
106	236
106	226
106	213
106	230
106	184
106	123
106	194
106	150
106	240
106	179
106	164
106	221
106	130
106	139
106	183
106	156
106	223
106	168
106	197
106	167
106	231
106	146
106	220
106	204
106	180
106	209
106	216
106	121
106	235
106	157
106	187
106	215
106	122
106	142
106	224
106	222
106	182
106	181
106	153
106	125
106	214
107	209
107	186
107	211
107	170
107	159
107	216
107	127
107	149
107	177
107	135
107	167
107	222
107	138
107	123
107	131
107	195
107	136
107	230
107	207
107	141
107	128
107	164
107	126
107	223
107	161
107	150
107	188
107	143
107	236
107	176
107	185
107	165
107	180
107	196
107	194
107	191
107	129
107	226
107	237
107	204
107	212
107	144
107	228
107	213
107	130
107	181
107	238
107	151
107	219
107	163
107	218
107	197
107	202
107	199
107	153
107	227
107	205
107	182
107	189
107	133
107	171
107	148
107	235
107	231
107	122
107	198
107	221
108	231
108	199
108	218
108	198
108	145
108	224
108	223
108	144
108	153
108	210
108	226
108	163
108	203
108	151
108	192
108	157
108	155
108	180
108	202
108	204
108	206
108	177
108	150
108	195
108	128
108	172
108	161
108	217
108	154
108	194
108	212
108	127
108	191
108	156
108	176
108	185
108	149
108	123
108	162
108	240
108	129
108	121
108	238
108	221
108	167
108	133
108	146
108	216
108	237
108	178
108	124
108	184
108	141
108	134
108	173
108	236
108	138
108	208
108	230
108	168
108	193
108	164
108	175
108	181
108	211
108	228
109	175
109	136
109	123
109	168
109	200
109	160
109	216
109	129
109	132
109	183
109	122
109	236
109	229
109	225
109	131
109	187
109	163
109	148
109	133
109	240
109	189
109	208
109	135
109	218
109	178
109	146
109	143
109	137
109	185
109	147
109	203
109	232
109	154
109	127
109	205
109	162
109	149
109	174
109	130
109	138
109	235
109	173
109	145
109	222
109	179
109	140
109	198
109	142
109	228
109	161
109	211
109	125
109	223
109	193
109	219
109	215
109	199
109	201
109	227
109	194
109	170
109	206
110	138
110	228
110	186
110	190
110	158
110	185
110	200
110	183
110	122
110	224
110	163
110	223
110	201
110	144
110	181
110	133
110	237
110	189
110	147
110	217
110	235
110	151
110	225
110	128
110	234
110	199
110	221
110	216
110	211
110	165
110	154
110	239
110	160
110	207
110	142
110	214
110	132
110	203
110	205
110	153
110	152
110	169
110	150
110	227
110	194
110	174
110	238
110	210
110	137
110	167
110	164
110	123
110	171
110	231
110	156
110	136
110	198
110	232
110	180
110	131
110	130
110	173
110	229
110	202
110	222
110	145
110	226
110	193
111	139
111	163
111	168
111	216
111	193
111	176
111	183
111	159
111	197
111	158
111	126
111	147
111	209
111	178
111	154
111	198
111	186
111	225
111	143
111	136
111	125
111	206
111	162
111	157
111	238
111	141
111	177
111	173
111	188
111	135
111	211
111	233
111	134
111	192
111	148
111	174
111	160
111	224
111	128
111	122
111	212
111	130
111	156
111	145
111	170
111	222
111	167
111	142
111	175
111	210
111	138
111	240
111	189
111	185
111	165
111	214
111	151
111	229
111	234
111	153
111	232
111	144
112	134
112	133
112	126
112	209
112	178
112	233
112	130
112	148
112	240
112	213
112	204
112	217
112	156
112	221
112	206
112	215
112	169
112	194
112	234
112	132
112	184
112	177
112	237
112	190
112	162
112	161
112	150
112	175
112	154
112	187
112	207
112	147
112	163
112	127
112	199
112	235
112	201
112	179
112	225
112	195
112	138
112	128
112	218
112	176
112	146
112	173
112	183
112	239
112	219
112	167
112	170
112	144
112	224
112	181
112	174
112	153
112	186
112	232
112	171
112	197
112	226
112	168
113	206
113	154
113	150
113	208
113	147
113	175
113	163
113	130
113	137
113	176
113	157
113	239
113	210
113	179
113	162
113	194
113	156
113	173
113	145
113	188
113	196
113	143
113	233
113	126
113	189
113	140
113	191
113	138
113	127
113	171
113	134
113	139
113	160
113	167
113	219
113	226
113	178
113	211
113	195
113	218
113	142
113	197
113	225
113	152
113	201
113	199
113	227
113	158
113	168
113	238
113	205
113	204
113	182
113	151
113	235
113	220
113	193
113	177
113	183
113	186
113	230
113	212
113	200
113	132
113	133
113	214
113	159
113	224
113	125
113	203
114	169
114	133
114	122
114	234
114	204
114	197
114	212
114	201
114	148
114	153
114	208
114	222
114	236
114	200
114	129
114	147
114	223
114	187
114	219
114	156
114	155
114	195
114	121
114	233
114	224
114	144
114	232
114	184
114	165
114	221
114	207
114	180
114	189
114	158
114	127
114	181
114	154
114	170
114	145
114	186
114	185
114	167
114	188
114	194
114	163
114	198
114	229
114	136
114	231
114	135
114	160
114	210
114	182
114	171
114	132
114	220
114	192
114	211
114	164
114	238
114	124
114	193
114	140
114	162
114	123
114	203
114	225
114	196
114	235
114	159
114	217
115	182
115	230
115	198
115	231
115	191
115	208
115	147
115	138
115	192
115	213
115	239
115	174
115	137
115	238
115	146
115	172
115	197
115	175
115	157
115	128
115	200
115	125
115	214
115	219
115	225
115	132
115	178
115	194
115	142
115	165
115	158
115	210
115	221
115	202
115	215
115	121
115	206
115	123
115	130
115	190
115	149
115	185
115	162
115	228
115	216
115	217
115	201
115	139
115	187
115	220
115	145
115	188
115	129
115	133
115	136
115	148
115	127
115	160
115	179
115	156
115	177
115	166
115	193
115	164
115	134
116	236
116	174
116	196
116	192
116	189
116	175
116	125
116	136
116	179
116	190
116	227
116	144
116	195
116	146
116	222
116	180
116	228
116	126
116	237
116	186
116	200
116	210
116	123
116	213
116	214
116	151
116	240
116	226
116	230
116	203
116	130
116	172
116	209
116	204
116	217
116	138
116	127
116	187
116	184
116	207
116	220
116	158
116	128
116	171
116	124
116	215
116	239
116	161
116	129
116	156
116	139
116	199
116	211
116	182
116	166
116	202
117	129
117	154
117	150
117	227
117	221
117	149
117	137
117	134
117	127
117	180
117	223
117	191
117	220
117	204
117	214
117	131
117	121
117	202
117	222
117	173
117	235
117	193
117	178
117	212
117	125
117	201
117	192
117	140
117	148
117	176
117	135
117	231
117	163
117	164
117	236
117	132
117	141
117	126
117	210
117	219
117	130
117	208
117	159
117	166
117	139
117	207
117	232
117	168
117	182
117	156
117	206
117	122
117	198
117	179
117	188
117	153
117	224
117	186
117	170
117	184
117	218
117	237
117	200
117	233
117	230
117	215
118	196
118	200
118	134
118	226
118	224
118	155
118	171
118	141
118	232
118	230
118	199
118	122
118	182
118	133
118	239
118	187
118	179
118	172
118	161
118	178
118	144
118	149
118	192
118	183
118	201
118	228
118	123
118	159
118	138
118	148
118	150
118	191
118	139
118	152
118	210
118	173
118	121
118	170
118	175
118	177
118	145
118	190
118	235
118	180
118	142
118	216
118	220
118	136
118	234
118	240
118	217
118	135
118	140
118	202
118	146
118	206
118	233
118	124
118	156
118	195
118	194
118	143
118	229
119	133
119	217
119	227
119	131
119	179
119	172
119	130
119	122
119	206
119	149
119	195
119	216
119	220
119	178
119	164
119	125
119	204
119	234
119	161
119	171
119	168
119	211
119	135
119	205
119	128
119	141
119	132
119	170
119	225
119	123
119	224
119	176
119	219
119	237
119	145
119	137
119	226
119	159
119	142
119	238
119	143
119	235
119	213
119	201
119	156
119	200
119	154
119	181
119	197
119	193
119	148
119	202
119	231
119	174
119	232
119	169
119	190
119	138
119	236
119	121
119	199
119	162
119	183
119	198
119	177
120	136
120	147
120	201
120	192
120	227
120	144
120	235
120	158
120	160
120	150
120	169
120	176
120	229
120	179
120	230
120	199
120	194
120	238
120	175
120	183
120	133
120	172
120	188
120	145
120	213
120	212
120	132
120	167
120	240
120	205
120	211
120	126
120	189
120	224
120	129
120	121
120	124
120	130
120	208
120	223
120	228
120	138
120	171
120	215
120	237
120	178
120	154
120	122
120	232
120	210
120	139
120	217
120	135
120	149
120	148
120	143
120	200
120	180
120	174
120	187
120	157
120	177
120	196
120	218
120	152
120	239
120	182
120	146
120	165
120	131