150 150 15
1	190
1	170
1	260
1	292
1	167
1	253
1	248
1	151
1	242
1	239
1	168
1	198
1	216
1	294
1	194
1	266
1	229
1	250
1	208
1	279
1	189
1	163
1	251
1	268
1	172
1	275
1	174
1	162
1	159
1	169
1	269
1	256
1	183
1	186
1	228
1	182
1	286
1	210
1	164
1	283
1	254
1	282
1	217
1	220
1	244
1	236
1	270
1	245
1	264
1	201
1	188
1	243
1	213
2	263
2	246
2	213
2	269
2	218
2	197
2	240
2	158
2	230
2	261
2	226
2	233
2	238
2	193
2	222
2	234
2	268
2	211
2	154
2	265
2	266
2	286
2	203
2	284
2	287
2	191
2	221
2	253
2	208
2	231
2	290
2	275
2	294
2	166
2	198
2	173
2	162
2	254
2	206
2	165
2	184
2	237
2	283
2	259
2	281
2	182
3	233
3	226
3	268
3	152
3	224
3	299
3	265
3	190
3	291
3	225
3	212
3	222
3	231
3	229
3	183
3	277
3	196
3	272
3	288
3	228
3	184
3	275
3	179
3	243
3	180
3	286
3	240
3	187
3	155
3	218
3	188
3	244
3	164
3	192
3	230
3	236
3	182
3	260
3	163
3	252
3	249
3	168
3	199
4	282
4	204
4	228
4	264
4	300
4	222
4	252
4	267
4	233
4	296
4	251
4	154
4	238
4	198
4	215
4	213
4	178
4	223
4	239
4	293
4	275
4	236
4	183
4	265
4	190
4	156
4	240
4	158
4	262
4	255
4	287
4	173
4	289
4	192
4	162
4	188
4	212
4	298
4	184
4	250
4	229
4	278
4	295
4	163
4	170
4	208
4	230
5	286
5	297
5	275
5	151
5	242
5	227
5	217
5	164
5	171
5	252
5	192
5	256
5	298
5	167
5	215
5	177
5	153
5	162
5	224
5	277
5	182
5	251
5	235
5	188
5	222
5	208
5	282
5	231
5	175
5	247
5	172
5	159
5	221
5	299
5	207
5	168
5	263
5	272
5	157
5	165
5	226
5	158
5	183
5	205
5	296
5	248
5	234
5	176
5	197
5	223
5	259
5	216
5	169
6	210
6	246
6	234
6	201
6	276
6	158
6	203
6	265
6	221
6	269
6	194
6	168
6	258
6	154
6	271
6	160
6	277
6	191
6	161
6	179
6	175
6	279
6	206
6	155
6	261
6	262
6	167
6	282
6	171
6	297
6	180
6	267
6	280
6	284
6	204
6	222
6	233
6	286
6	224
6	248
6	247
6	285
6	163
7	260
7	221
7	283
7	239
7	172
7	242
7	291
7	205
7	210
7	214
7	187
7	296
7	300
7	251
7	241
7	240
7	288
7	163
7	177
7	257
7	231
7	159
7	234
7	243
7	255
7	166
7	245
7	249
7	157
7	186
7	199
7	281
7	254
7	256
7	286
7	264
7	204
8	293
8	288
8	163
8	297
8	258
8	274
8	250
8	210
8	177
8	289
8	196
8	279
8	238
8	221
8	236
8	160
8	183
8	157
8	186
8	217
8	273
8	259
8	203
8	176
8	281
8	218
8	208
8	164
8	206
8	182
8	158
8	232
8	220
8	244
8	243
8	209
8	152
8	272
8	239
8	222
8	256
8	269
8	184
8	167
8	296
8	187
8	226
8	181
8	284
8	174
8	224
8	264
8	241
8	266
8	170
9	178
9	294
9	189
9	152
9	260
9	242
9	193
9	245
9	191
9	217
9	289
9	170
9	161
9	182
9	268
9	237
9	231
9	280
9	272
9	291
9	238
9	247
9	299
9	177
9	204
9	226
9	202
9	222
9	246
9	267
9	183
9	281
9	176
9	169
9	259
9	278
9	207
9	158
9	229
9	258
9	221
9	243
9	214
9	290
9	241
9	252
9	211
9	262
9	153
9	200
10	288
10	210
10	186
10	290
10	236
10	212
10	262
10	278
10	263
10	255
10	169
10	257
10	198
10	178
10	247
10	293
10	215
10	235
10	214
10	205
10	273
10	157
10	161
10	218
10	219
10	197
10	173
10	165
10	167
10	251
10	282
10	268
10	172
10	230
10	188
10	233
10	281
10	194
10	270
10	260
10	228
10	261
10	295
10	152
10	252
10	265
10	195
10	225
10	227
10	292
10	179
10	193
11	247
11	254
11	258
11	265
11	287
11	157
11	252
11	222
11	256
11	219
11	280
11	299
11	227
11	202
11	278
11	162
11	208
11	212
11	174
11	276
11	245
11	198
11	261
11	220
11	230
11	282
11	184
11	177
11	290
11	231
11	160
11	170
11	159
11	295
11	175
11	228
11	200
11	297
11	292
11	266
11	253
11	286
11	152
11	226
11	234
11	296
11	185
11	255
11	164
11	300
11	229
12	238
12	244
12	184
12	222
12	174
12	194
12	230
12	231
12	247
12	176
12	286
12	272
12	186
12	280
12	281
12	212
12	265
12	161
12	169
12	296
12	220
12	269
12	157
12	168
12	258
12	205
12	156
12	229
12	202
12	153
12	177
12	278
12	178
12	188
12	189
12	271
12	268
12	191
12	173
12	283
12	241
12	216
12	192
12	209
12	292
12	182
12	282
12	167
12	291
12	227
12	279
12	261
12	190
12	164
12	254
12	166
13	287
13	213
13	207
13	278
13	246
13	288
13	154
13	217
13	180
13	168
13	235
13	185
13	257
13	170
13	214
13	272
13	155
13	256
13	209
13	292
13	270
13	253
13	297
13	269
13	165
13	265
13	226
13	282
13	212
13	247
13	238
13	220
13	230
13	162
13	264
13	236
13	187
13	211
13	215
13	280
14	191
14	194
14	235
14	228
14	284
14	196
14	225
14	274
14	215
14	182
14	187
14	180
14	260
14	183
14	190
14	268
14	242
14	152
14	285
14	239
14	174
14	243
14	293
14	154
14	226
14	229
14	155
14	169
14	195
14	230
14	186
14	257
14	200
14	240
14	234
14	258
14	252
14	254
14	277
14	291
14	178
14	275
14	241
14	192
14	233
14	273
14	262
14	172
14	264
14	295
14	288
15	288
15	298
15	294
15	228
15	251
15	170
15	158
15	207
15	214
15	236
15	280
15	163
15	178
15	223
15	241
15	267
15	292
15	295
15	156
15	256
15	194
15	277
15	246
15	242
15	243
15	206
15	153
15	238
15	213
15	220
15	237
15	177
15	252
15	204
15	191
15	273
15	244
15	271
15	284
15	157
15	227
15	155
15	162
15	259
15	203
15	231
15	249
15	209
15	258
15	195
15	276
15	174
15	278
15	218
16	290
16	297
16	188
16	220
16	213
16	239
16	294
16	164
16	210
16	283
16	281
16	276
16	152
16	168
16	189
16	182
16	246
16	268
16	256
16	279
16	158
16	217
16	174
16	267
16	269
16	185
16	196
16	181
16	266
16	176
16	252
16	263
16	201
16	191
16	227
16	194
16	300
16	250
16	262
16	202
16	192
16	162
16	228
17	177
17	165
17	233
17	197
17	300
17	156
17	187
17	171
17	229
17	205
17	209
17	224
17	292
17	289
17	274
17	288
17	284
17	160
17	188
17	191
17	193
17	168
17	159
17	240
17	225
17	180
17	174
17	261
17	221
17	285
17	206
17	153
17	202
17	215
17	230
17	183
17	172
17	231
17	278
17	185
17	162
17	265
17	201
17	295
17	232
17	175
17	234
17	257
17	182
17	151
17	271
17	291
17	199
17	200
17	249
17	237
17	189
17	196
17	259
17	296
18	215
18	275
18	236
18	206
18	203
18	183
18	289
18	156
18	249
18	157
18	230
18	257
18	250
18	171
18	172
18	235
18	298
18	165
18	286
18	195
18	193
18	152
18	279
18	246
18	265
18	296
18	221
18	160
18	210
18	297
18	196
18	218
18	161
18	252
18	263
18	240
18	182
18	184
18	299
18	278
18	151
18	208
18	290
18	241
18	228
18	300
18	166
18	209
18	205
18	225
18	272
18	267
18	255
18	190
18	173
19	246
19	221
19	236
19	173
19	273
19	218
19	196
19	192
19	158
19	232
19	281
19	227
19	244
19	174
19	156
19	172
19	233
19	264
19	226
19	179
19	178
19	279
19	163
19	289
19	188
19	201
19	190
19	268
19	171
19	235
19	284
19	176
19	237
19	162
19	234
19	262
19	291
19	202
19	298
19	258
19	241
19	220
19	157
19	269
19	205
19	255
19	275
19	197
19	267
19	294
19	266
19	169
19	282
19	288
19	238
19	159
20	255
20	225
20	194
20	259
20	176
20	189
20	287
20	208
20	245
20	292
20	247
20	281
20	180
20	181
20	269
20	170
20	280
20	248
20	285
20	273
20	221
20	266
20	162
20	294
20	272
20	177
20	298
20	267
20	219
20	274
20	238
20	235
20	159
20	172
20	209
20	264
20	300
20	190
20	250
20	223
20	175
20	185
20	299
20	192
20	212
20	197
20	231
20	228
21	272
21	241
21	194
21	246
21	178
21	233
21	268
21	283
21	163
21	158
21	251
21	159
21	211
21	219
21	267
21	198
21	256
21	166
21	164
21	243
21	253
21	181
21	189
21	229
21	232
21	263
21	238
21	258
21	247
21	228
21	168
21	151
21	184
21	185
21	284
21	265
21	195
21	245
21	275
21	200
21	236
21	216
21	191
21	237
21	290
21	239
21	153
21	182
21	259
21	299
22	296
22	243
22	259
22	245
22	234
22	182
22	286
22	289
22	260
22	241
22	204
22	154
22	212
22	266
22	242
22	264
22	175
22	210
22	153
22	178
22	170
22	199
22	268
22	281
22	295
22	203
22	284
22	247
22	202
22	207
22	233
22	200
22	231
22	229
22	230
22	172
22	181
22	246
22	251
22	179
22	214
22	292
22	163
22	282
22	221
22	288
22	278
23	250
23	255
23	294
23	179
23	194
23	231
23	170
23	296
23	289
23	181
23	197
23	286
23	158
23	161
23	228
23	297
23	205
23	269
23	243
23	272
23	160
23	230
23	222
23	252
23	257
23	249
23	173
23	224
23	232
23	178
23	267
23	182
23	258
23	263
23	256
23	154
23	268
23	270
23	216
23	260
24	208
24	214
24	231
24	190
24	289
24	215
24	152
24	241
24	295
24	230
24	239
24	251
24	293
24	155
24	270
24	216
24	159
24	196
24	253
24	268
24	297
24	194
24	236
24	283
24	224
24	227
24	184
24	269
24	217
24	261
24	228
24	237
24	247
24	175
24	211
24	153
24	245
24	202
24	291
24	232
24	226
24	219
24	235
24	168
25	221
25	270
25	280
25	225
25	156
25	238
25	292
25	232
25	285
25	260
25	265
25	242
25	239
25	186
25	300
25	293
25	211
25	215
25	189
25	224
25	185
25	251
25	226
25	168
25	198
25	204
25	235
25	183
25	272
25	212
25	159
25	276
25	264
25	162
25	177
25	192
25	202
25	153
25	170
25	244
25	294
25	290
25	216
25	165
25	178
25	240
25	194
26	241
26	225
26	207
26	180
26	152
26	191
26	231
26	182
26	286
26	217
26	230
26	204
26	236
26	289
26	254
26	222
26	298
26	232
26	287
26	293
26	278
26	214
26	238
26	279
26	237
26	256
26	154
26	201
26	285
26	174
26	265
26	184
26	188
26	170
26	296
26	162
26	235
26	194
26	240
26	192
26	262
26	156
26	251
26	295
26	297
26	261
26	253
26	171
26	243
26	190
26	269
26	221
26	168
26	258
26	197
26	276
26	239
26	151
26	227
26	268
27	190
27	289
27	253
27	197
27	194
27	155
27	256
27	267
27	157
27	294
27	198
27	235
27	182
27	177
27	282
27	274
27	227
27	269
27	205
27	178
27	180
27	219
27	171
27	233
27	271
27	211
27	154
27	276
27	286
27	218
27	238
27	251
27	300
27	208
27	166
27	266
27	220
27	176
27	232
27	275
27	196
27	199
27	168
27	169
27	272
27	287
27	279
27	291
27	172
28	154
28	190
28	282
28	164
28	295
28	255
28	222
28	297
28	284
28	187
28	192
28	181
28	267
28	254
28	212
28	225
28	183
28	167
28	171
28	159
28	221
28	188
28	240
28	290
28	244
28	156
28	296
28	241
28	199
28	185
28	250
28	178
28	152
28	274
28	208
28	210
28	300
28	294
28	180
28	239
28	285
28	200
28	231
29	243
29	210
29	223
29	286
29	256
29	290
29	246
29	189
29	156
29	224
29	248
29	261
29	205
29	225
29	274
29	162
29	158
29	285
29	163
29	179
29	275
29	294
29	178
29	172
29	279
29	209
29	176
29	155
29	151
29	160
29	239
29	273
29	241
29	289
29	190
29	288
29	214
29	237
29	268
29	266
29	207
29	203
29	252
30	219
30	182
30	290
30	259
30	291
30	205
30	256
30	288
30	251
30	218
30	203
30	174
30	250
30	254
30	237
30	167
30	275
30	175
30	249
30	214
30	293
30	233
30	195
30	262
30	292
30	295
30	183
30	206
30	248
30	266
30	229
30	202
30	152
30	298
30	186
30	285
30	239
30	272
30	190
30	171
30	207
30	234
30	176
30	208
30	151
30	299
30	258
30	212
30	192
30	231
30	169
30	180
30	181
31	299
31	267
31	257
31	272
31	224
31	171
31	232
31	216
31	223
31	194
31	186
31	251
31	164
31	296
31	240
31	290
31	178
31	161
31	174
31	193
31	261
31	163
31	286
31	214
31	295
31	169
31	204
31	245
31	215
31	247
31	252
31	173
31	256
31	280
31	206
31	281
31	166
31	298
31	289
31	213
31	287
31	237
31	228
31	175
31	297
31	283
31	219
32	220
32	159
32	246
32	264
32	234
32	212
32	267
32	174
32	237
32	300
32	177
32	277
32	270
32	180
32	230
32	278
32	178
32	176
32	224
32	297
32	261
32	225
32	254
32	167
32	286
32	226
32	156
32	256
32	239
32	288
32	192
32	194
32	233
32	279
32	247
32	240
32	250
32	298
32	263
32	160
32	255
32	269
32	296
32	227
32	201
32	202
32	162
32	293
32	252
32	198
32	283
32	199
32	205
32	179
33	181
33	287
33	216
33	166
33	159
33	278
33	289
33	195
33	264
33	260
33	230
33	262
33	211
33	188
33	227
33	238
33	172
33	246
33	248
33	234
33	224
33	267
33	200
33	205
33	209
33	220
33	268
33	206
33	285
33	208
33	221
33	171
33	190
33	212
33	249
33	286
33	170
33	177
33	194
33	284
33	184
33	162
33	261
33	252
33	155
33	163
33	151
33	297
33	271
33	187
33	299
33	232
33	235
33	273
33	175
33	231
33	182
33	263
33	279
33	165
33	185
33	161
33	226
33	189
34	271
34	249
34	202
34	179
34	210
34	299
34	248
34	243
34	257
34	165
34	226
34	288
34	164
34	266
34	279
34	223
34	245
34	284
34	251
34	254
34	258
34	293
34	153
34	297
34	176
34	259
34	290
34	172
34	276
34	269
34	166
34	183
34	218
34	219
34	255
34	189
34	194
34	286
34	229
34	167
34	213
34	197
34	190
34	231
34	192
34	232
34	234
34	224
35	272
35	264
35	181
35	172
35	193
35	227
35	205
35	285
35	192
35	296
35	183
35	155
35	219
35	273
35	171
35	270
35	174
35	267
35	152
35	292
35	178
35	189
35	158
35	217
35	289
35	170
35	247
35	298
35	187
35	190
35	266
35	248
35	259
35	151
35	176
35	277
35	166
35	281
35	250
36	261
36	208
36	253
36	251
36	174
36	186
36	201
36	263
36	298
36	152
36	153
36	205
36	266
36	246
36	218
36	258
36	180
36	297
36	292
36	172
36	268
36	188
36	225
36	290
36	284
36	236
36	181
36	272
36	177
36	267
36	163
36	241
36	175
36	212
36	156
36	209
36	210
36	184
36	178
36	249
36	223
36	260
36	157
36	230
36	224
36	233
36	206
36	171
36	244
36	288
36	164
36	282
36	160
36	173
36	277
36	159
36	299
37	223
37	261
37	168
37	215
37	273
37	170
37	291
37	214
37	184
37	178
37	244
37	248
37	276
37	234
37	229
37	281
37	243
37	285
37	192
37	249
37	300
37	287
37	210
37	206
37	222
37	193
37	265
37	255
37	160
37	174
37	194
37	231
37	218
37	289
37	209
37	195
37	165
37	175
37	290
37	202
37	284
37	252
37	159
37	163
37	211
37	171
37	157
37	205
37	177
37	242
38	167
38	184
38	272
38	165
38	180
38	231
38	280
38	274
38	295
38	255
38	257
38	234
38	221
38	202
38	291
38	203
38	168
38	208
38	238
38	188
38	185
38	191
38	292
38	205
38	175
38	275
38	277
38	278
38	254
38	245
38	190
38	226
38	199
38	210
38	236
38	159
38	239
38	298
38	163
38	223
38	244
38	161
38	229
39	155
39	213
39	278
39	154
39	261
39	197
39	211
39	262
39	272
39	253
39	195
39	281
39	222
39	238
39	287
39	187
39	184
39	239
39	176
39	167
39	263
39	179
39	152
39	214
39	191
39	234
39	266
39	228
39	178
39	283
39	219
39	286
39	218
39	209
39	247
39	183
39	294
39	185
39	174
39	164
39	275
39	277
39	226
39	201
39	193
39	170
40	188
40	219
40	190
40	173
40	187
40	249
40	223
40	286
40	254
40	154
40	277
40	227
40	260
40	153
40	239
40	221
40	265
40	197
40	158
40	298
40	152
40	156
40	296
40	289
40	241
40	283
40	229
40	181
40	164
40	255
40	236
40	291
40	288
40	258
40	257
40	151
40	167
40	200
40	290
40	225
40	233
40	234
40	256
40	287
40	276
40	269
40	179
40	213
40	193
40	282
40	214
40	199
40	175
40	160
40	253
40	182
40	205
41	209
41	201
41	297
41	252
41	195
41	181
41	247
41	287
41	232
41	249
41	284
41	155
41	194
41	182
41	175
41	244
41	189
41	239
41	222
41	285
41	166
41	268
41	190
41	240
41	231
41	219
41	300
41	246
41	248
41	211
41	277
41	280
41	260
41	159
41	267
41	278
41	293
41	266
41	275
41	250
41	265
42	181
42	291
42	171
42	212
42	197
42	194
42	254
42	234
42	211
42	177
42	208
42	151
42	273
42	242
42	176
42	271
42	232
42	166
42	213
42	217
42	159
42	268
42	178
42	277
42	295
42	298
42	274
42	209
42	270
42	243
42	180
42	241
42	165
42	179
42	154
42	172
42	192
42	163
42	195
42	276
42	219
42	193
42	196
42	255
42	206
42	294
43	189
43	170
43	300
43	180
43	153
43	165
43	282
43	279
43	173
43	172
43	288
43	175
43	286
43	216
43	266
43	256
43	233
43	232
43	274
43	154
43	226
43	209
43	203
43	278
43	265
43	242
43	269
43	291
43	250
43	176
43	228
43	215
43	191
43	261
43	193
43	205
43	174
43	296
43	214
43	289
43	169
43	248
43	231
43	202
43	255
43	294
43	221
43	230
43	199
43	151
44	224
44	189
44	208
44	182
44	212
44	185
44	215
44	262
44	286
44	249
44	221
44	161
44	247
44	270
44	211
44	196
44	293
44	166
44	201
44	290
44	222
44	248
44	241
44	183
44	246
44	237
44	257
44	227
44	280
44	205
44	228
44	158
44	261
44	213
44	238
44	283
44	175
44	162
44	252
44	152
44	177
44	193
44	167
44	253
44	244
44	282
44	233
44	239
44	274
44	264
44	255
44	187
44	225
45	287
45	202
45	255
45	296
45	241
45	186
45	231
45	218
45	242
45	228
45	238
45	151
45	240
45	286
45	278
45	289
45	246
45	156
45	254
45	253
45	200
45	153
45	233
45	205
45	290
45	165
45	234
45	212
45	199
45	161
45	223
45	174
45	239
45	190
45	297
45	283
45	160
45	251
45	211
45	207
45	256
45	157
45	277
45	177
45	154
45	249
45	267
45	194
45	232
45	209
46	169
46	234
46	259
46	292
46	178
46	206
46	179
46	216
46	293
46	279
46	245
46	171
46	212
46	189
46	290
46	239
46	223
46	231
46	213
46	220
46	200
46	230
46	190
46	219
46	199
46	263
46	274
46	174
46	164
46	257
46	261
46	253
46	242
46	269
46	264
46	221
46	181
46	272
46	165
46	215
46	244
46	192
46	256
46	283
46	166
46	177
46	278
47	286
47	211
47	216
47	198
47	230
47	155
47	200
47	260
47	158
47	273
47	284
47	251
47	188
47	238
47	175
47	215
47	195
47	184
47	297
47	281
47	180
47	293
47	221
47	174
47	214
47	153
47	197
47	228
47	185
47	256
47	199
47	245
47	246
47	165
47	171
47	224
47	269
47	168
47	250
47	159
47	252
47	298
47	266
47	166
47	193
47	268
47	154
47	285
47	296
47	300
47	178
48	274
48	270
48	229
48	253
48	246
48	196
48	228
48	283
48	282
48	244
48	252
48	299
48	222
48	225
48	258
48	262
48	261
48	154
48	202
48	197
48	278
48	251
48	290
48	216
48	232
48	194
48	233
48	204
48	160
48	266
48	191
48	201
48	250
48	285
48	211
48	178
48	175
48	213
48	218
48	176
48	293
48	177
48	264
48	242
48	248
48	198
48	286
48	268
48	291
48	155
48	292
48	297
48	296
48	289
48	288
48	182
48	172
48	227
48	300
48	254
49	155
49	268
49	300
49	259
49	219
49	262
49	177
49	211
49	209
49	276
49	185
49	170
49	221
49	273
49	161
49	176
49	217
49	271
49	235
49	174
49	258
49	248
49	269
49	157
49	225
49	181
49	242
49	187
49	252
49	197
49	168
49	212
49	152
49	202
49	153
49	184
49	223
49	199
49	244
49	247
49	218
49	191
49	160
49	180
49	240
49	227
49	239
49	173
49	281
49	255
49	265
49	294
50	288
50	234
50	232
50	283
50	183
50	211
50	162
50	189
50	291
50	300
50	258
50	226
50	270
50	184
50	166
50	195
50	229
50	207
50	242
50	251
50	256
50	214
50	167
50	159
50	250
50	158
50	157
50	193
50	190
50	177
50	205
50	174
50	176
50	206
50	295
50	213
50	272
50	210
50	216
50	197
50	186
50	219
51	247
51	158
51	211
51	246
51	270
51	218
51	154
51	286
51	208
51	234
51	171
51	260
51	249
51	197
51	255
51	225
51	187
51	290
51	229
51	182
51	159
51	300
51	199
51	278
51	238
51	269
51	233
51	252
51	183
51	276
51	272
51	179
51	245
51	181
51	153
51	259
51	253
51	157
51	262
51	204
51	177
51	231
51	163
51	237
51	156
51	296
51	214
52	290
52	157
52	192
52	280
52	249
52	226
52	261
52	250
52	259
52	180
52	187
52	234
52	287
52	288
52	161
52	243
52	225
52	284
52	181
52	286
52	155
52	166
52	257
52	202
52	227
52	209
52	164
52	222
52	220
52	182
52	173
52	229
52	214
52	217
52	251
52	213
52	152
52	293
52	171
52	265
52	289
52	163
52	291
52	231
52	274
52	190
52	205
52	177
52	207
52	189
53	204
53	207
53	300
53	245
53	238
53	278
53	298
53	277
53	206
53	227
53	202
53	200
53	190
53	201
53	243
53	272
53	225
53	192
53	258
53	177
53	199
53	167
53	285
53	157
53	218
53	165
53	248
53	269
53	281
53	155
53	246
53	292
53	293
53	290
53	271
53	153
53	239
53	288
53	247
53	270
53	208
53	294
53	273
53	213
53	253
53	276
53	224
53	166
53	184
53	186
53	171
54	264
54	249
54	250
54	260
54	183
54	235
54	294
54	201
54	245
54	170
54	244
54	215
54	265
54	299
54	227
54	217
54	263
54	189
54	238
54	152
54	205
54	177
54	160
54	213
54	293
54	198
54	172
54	286
54	211
54	164
54	193
54	219
54	243
54	208
54	295
54	153
54	212
54	174
54	298
54	186
54	261
54	267
54	278
54	246
54	214
55	152
55	202
55	171
55	153
55	274
55	289
55	194
55	262
55	244
55	181
55	286
55	249
55	223
55	234
55	201
55	165
55	200
55	247
55	192
55	211
55	164
55	264
55	213
55	266
55	261
55	293
55	275
55	162
55	167
55	278
55	197
55	280
55	216
55	151
55	283
55	248
55	179
55	206
55	195
55	237
55	298
55	166
55	245
55	287
55	161
55	238
55	231
55	300
55	267
55	189
55	236
55	255
55	273
55	252
55	239
55	163
55	156
55	254
55	277
55	159
56	204
56	220
56	181
56	184
56	256
56	208
56	255
56	286
56	270
56	273
56	247
56	182
56	260
56	155
56	252
56	238
56	207
56	236
56	280
56	209
56	233
56	178
56	294
56	186
56	281
56	196
56	249
56	267
56	268
56	266
56	154
56	169
56	226
56	188
56	195
56	262
56	189
56	285
56	237
56	183
56	205
56	202
56	254
56	176
56	151
56	288
56	214
56	230
56	275
56	200
56	257
56	216
57	235
57	234
57	265
57	220
57	260
57	208
57	227
57	178
57	281
57	203
57	189
57	219
57	217
57	267
57	300
57	156
57	272
57	286
57	255
57	230
57	207
57	231
57	172
57	241
57	268
57	183
57	299
57	266
57	162
57	195
57	290
57	244
57	263
57	270
57	298
57	240
57	277
57	175
57	222
57	160
57	249
57	205
57	262
57	238
57	257
57	180
57	176
57	193
57	182
57	153
58	183
58	196
58	211
58	185
58	238
58	297
58	240
58	228
58	274
58	242
58	199
58	275
58	294
58	213
58	253
58	231
58	250
58	224
58	248
58	295
58	299
58	161
58	209
58	191
58	278
58	269
58	158
58	247
58	237
58	165
58	178
58	203
58	241
58	189
58	216
58	193
58	292
58	229
58	155
58	283
58	270
58	272
58	212
58	225
59	152
59	164
59	263
59	250
59	283
59	257
59	189
59	288
59	160
59	251
59	291
59	232
59	290
59	230
59	273
59	253
59	278
59	161
59	242
59	292
59	205
59	216
59	274
59	223
59	156
59	176
59	297
59	271
59	275
59	258
59	239
59	249
59	279
59	192
59	265
59	159
59	245
59	281
59	244
59	203
59	162
59	214
59	252
59	226
60	182
60	178
60	262
60	159
60	212
60	296
60	168
60	225
60	160
60	228
60	229
60	192
60	180
60	186
60	156
60	195
60	215
60	284
60	203
60	244
60	166
60	285
60	173
60	246
60	267
60	276
60	201
60	198
60	269
60	265
60	264
60	240
60	234
60	210
60	263
60	211
60	261
60	207
60	172
60	235
60	292
60	223
60	163
60	274
60	175
60	279
60	155
60	174
61	274
61	267
61	270
61	295
61	216
61	178
61	225
61	276
61	239
61	243
61	280
61	241
61	183
61	245
61	166
61	207
61	289
61	263
61	211
61	220
61	242
61	169
61	224
61	298
61	195
61	223
61	260
61	268
61	199
61	213
61	291
61	262
61	176
61	163
61	151
61	257
61	194
62	297
62	292
62	222
62	193
62	172
62	181
62	258
62	237
62	220
62	300
62	191
62	240
62	254
62	162
62	276
62	153
62	176
62	197
62	196
62	299
62	228
62	229
62	214
62	195
62	253
62	263
62	270
62	230
62	202
62	291
62	274
62	183
62	232
62	187
62	207
62	182
62	200
62	282
62	251
62	250
62	184
62	255
62	208
62	161
62	219
62	190
62	262
62	179
62	165
62	259
62	271
62	217
62	245
62	236
62	234
63	213
63	268
63	222
63	247
63	277
63	218
63	224
63	176
63	262
63	173
63	266
63	289
63	196
63	182
63	242
63	194
63	205
63	280
63	190
63	152
63	159
63	204
63	241
63	167
63	261
63	217
63	216
63	195
63	169
63	283
63	156
63	186
63	193
63	229
63	267
63	250
63	206
63	260
63	254
63	231
63	272
63	151
63	223
63	290
63	202
63	183
63	162
63	161
63	219
63	273
63	287
63	179
63	278
64	296
64	202
64	198
64	294
64	188
64	290
64	275
64	194
64	246
64	266
64	267
64	280
64	155
64	166
64	187
64	227
64	297
64	222
64	248
64	174
64	274
64	286
64	203
64	240
64	283
64	190
64	178
64	273
64	257
64	261
64	271
64	262
64	269
64	272
64	165
64	159
64	300
64	185
64	162
64	239
64	186
64	173
64	182
64	285
64	252
64	255
64	217
64	199
64	181
65	211
65	270
65	158
65	183
65	229
65	264
65	246
65	179
65	207
65	228
65	227
65	156
65	295
65	205
65	151
65	268
65	181
65	153
65	271
65	177
65	290
65	170
65	172
65	154
65	191
65	202
65	296
65	265
65	155
65	161
65	283
65	169
65	222
65	199
65	209
65	253
65	204
65	280
65	242
65	201
65	240
65	237
65	244
65	171
65	281
65	285
65	186
65	192
66	236
66	237
66	183
66	260
66	299
66	284
66	197
66	190
66	172
66	207
66	223
66	266
66	287
66	293
66	185
66	210
66	248
66	242
66	286
66	290
66	153
66	217
66	202
66	159
66	170
66	196
66	268
66	282
66	161
66	226
66	252
66	288
66	203
66	235
66	209
66	193
66	163
66	184
66	272
66	297
66	243
66	281
66	275
66	160
66	181
67	151
67	295
67	221
67	233
67	292
67	256
67	281
67	191
67	229
67	261
67	265
67	159
67	282
67	286
67	273
67	164
67	190
67	174
67	251
67	162
67	254
67	198
67	195
67	180
67	209
67	276
67	300
67	250
67	290
67	215
67	296
67	258
67	199
67	165
67	243
67	238
67	186
67	288
67	158
67	267
67	193
68	228
68	230
68	173
68	293
68	248
68	200
68	297
68	270
68	299
68	296
68	241
68	291
68	225
68	267
68	176
68	292
68	187
68	280
68	244
68	264
68	171
68	223
68	222
68	166
68	202
68	247
68	243
68	276
68	204
68	258
68	253
68	259
68	273
68	186
68	190
68	161
68	181
68	159
68	279
68	169
68	208
68	174
68	215
68	274
68	295
68	160
68	250
69	180
69	281
69	241
69	187
69	253
69	277
69	211
69	179
69	255
69	151
69	200
69	264
69	260
69	157
69	205
69	256
69	262
69	191
69	197
69	218
69	278
69	158
69	194
69	184
69	199
69	257
69	261
69	271
69	202
69	201
69	296
69	240
69	259
69	164
69	286
69	265
69	275
69	293
69	238
69	225
69	208
69	188
69	219
69	210
69	235
69	283
69	216
69	228
69	227
69	177
69	186
69	172
69	243
69	284
70	187
70	196
70	153
70	259
70	217
70	198
70	254
70	275
70	164
70	178
70	298
70	265
70	209
70	283
70	239
70	212
70	197
70	159
70	184
70	190
70	286
70	177
70	228
70	274
70	236
70	271
70	219
70	202
70	156
70	183
70	224
70	252
70	167
70	263
70	277
70	169
70	269
70	285
70	287
70	233
70	232
70	211
70	218
70	168
70	292
70	180
70	261
70	175
70	203
70	200
70	250
70	151
70	205
70	170
70	291
70	264
71	193
71	255
71	243
71	214
71	197
71	244
71	248
71	167
71	222
71	253
71	233
71	162
71	277
71	237
71	221
71	282
71	184
71	199
71	177
71	183
71	153
71	176
71	195
71	208
71	171
71	152
71	164
71	275
71	272
71	280
71	202
71	225
71	284
71	270
71	231
71	173
71	151
71	265
71	300
71	234
71	188
71	207
71	287
71	258
72	172
72	276
72	271
72	282
72	234
72	216
72	277
72	223
72	244
72	268
72	270
72	275
72	205
72	179
72	210
72	201
72	166
72	194
72	167
72	240
72	253
72	204
72	198
72	215
72	296
72	220
72	260
72	221
72	188
72	232
72	225
72	178
72	292
72	207
72	200
72	155
72	290
72	266
72	238
72	152
72	173
72	171
72	211
72	160
72	217
72	258
72	209
72	199
72	278
72	280
72	187
72	295
72	219
72	245
73	277
73	180
73	161
73	286
73	175
73	299
73	273
73	203
73	278
73	166
73	298
73	268
73	187
73	239
73	257
73	165
73	188
73	288
73	275
73	158
73	245
73	176
73	218
73	272
73	184
73	222
73	253
73	280
73	207
73	154
73	228
73	199
73	296
73	282
73	153
73	259
73	255
73	223
73	237
73	167
73	204
73	238
73	151
73	196
73	281
73	152
74	276
74	256
74	169
74	288
74	231
74	187
74	259
74	200
74	248
74	176
74	280
74	249
74	223
74	218
74	158
74	161
74	292
74	206
74	175
74	295
74	273
74	224
74	278
74	281
74	199
74	252
74	163
74	159
74	270
74	236
74	182
74	274
74	239
74	188
74	183
74	232
74	212
74	220
74	184
74	210
74	228
74	267
74	156
74	215
74	202
74	233
74	154
74	230
75	204
75	273
75	298
75	238
75	280
75	248
75	218
75	253
75	160
75	208
75	249
75	217
75	199
75	210
75	196
75	219
75	156
75	172
75	166
75	291
75	245
75	267
75	164
75	235
75	297
75	192
75	181
75	158
75	236
75	223
75	202
75	251
75	288
75	292
75	157
75	277
75	180
75	244
75	295
75	250
75	184
75	213
75	287
75	261
75	171
75	195
75	175
75	262
75	221
75	165
75	252
75	240
76	156
76	219
76	291
76	154
76	163
76	201
76	252
76	200
76	240
76	243
76	245
76	184
76	221
76	230
76	292
76	187
76	186
76	278
76	294
76	158
76	238
76	171
76	250
76	258
76	198
76	259
76	268
76	214
76	162
76	178
76	199
76	284
76	279
76	218
76	293
76	203
76	179
76	226
76	290
76	159
76	157
76	164
76	224
76	269
76	227
76	153
76	175
76	197
76	151
76	183
77	194
77	210
77	253
77	203
77	193
77	242
77	261
77	175
77	159
77	233
77	152
77	155
77	173
77	231
77	212
77	268
77	288
77	170
77	287
77	198
77	222
77	238
77	293
77	275
77	185
77	192
77	214
77	258
77	299
77	280
77	267
77	154
77	292
77	294
77	240
77	259
77	176
77	166
77	269
77	213
77	228
77	151
77	191
77	211
77	162
77	279
77	272
77	252
77	187
77	158
77	244
77	250
77	224
77	204
77	186
77	168
77	160
77	218
77	249
77	165
77	164
77	229
77	255
77	254
77	202
77	263
78	161
78	192
78	294
78	179
78	262
78	247
78	215
78	299
78	185
78	157
78	300
78	201
78	170
78	248
78	198
78	245
78	202
78	288
78	268
78	189
78	214
78	167
78	196
78	219
78	186
78	239
78	251
78	177
78	278
78	207
78	279
78	165
78	188
78	235
78	208
78	184
78	233
78	187
78	210
78	237
78	217
78	212
78	258
78	263
78	173
78	213
78	244
78	259
79	297
79	276
79	178
79	235
79	204
79	227
79	181
79	208
79	293
79	238
79	191
79	251
79	286
79	160
79	255
79	164
79	185
79	249
79	259
79	166
79	289
79	282
79	244
79	158
79	162
79	299
79	206
79	225
79	174
79	257
79	183
79	246
79	230
79	270
79	243
79	175
79	278
79	219
79	290
79	221
79	250
79	280
79	233
79	199
79	283
79	300
79	295
79	218
79	167
79	173
79	216
79	151
79	222
79	273
80	264
80	282
80	164
80	277
80	224
80	281
80	296
80	178
80	242
80	298
80	175
80	262
80	205
80	167
80	287
80	217
80	183
80	218
80	208
80	181
80	243
80	161
80	258
80	240
80	239
80	253
80	251
80	286
80	193
80	263
80	234
80	284
80	246
80	226
80	223
80	203
80	247
80	177
80	232
80	186
80	207
80	220
80	210
80	288
80	291
81	182
81	224
81	241
81	159
81	277
81	250
81	268
81	180
81	205
81	175
81	160
81	244
81	229
81	266
81	195
81	190
81	233
81	189
81	167
81	226
81	197
81	232
81	166
81	269
81	164
81	210
81	246
81	245
81	187
81	258
81	153
81	225
81	193
81	261
81	177
81	191
81	203
81	292
81	231
81	239
81	217
81	259
81	212
81	215
82	219
82	213
82	176
82	207
82	222
82	201
82	215
82	202
82	275
82	284
82	151
82	268
82	235
82	230
82	179
82	255
82	193
82	263
82	246
82	257
82	234
82	260
82	221
82	190
82	295
82	197
82	218
82	189
82	155
82	270
82	247
82	203
82	236
82	165
82	181
82	278
82	240
82	298
82	172
82	242
82	224
82	279
82	276
82	154
82	168
82	170
82	164
82	159
82	152
82	225
82	273
82	163
82	254
82	228
83	300
83	289
83	265
83	168
83	181
83	276
83	294
83	209
83	274
83	165
83	228
83	243
83	164
83	159
83	153
83	213
83	163
83	257
83	216
83	296
83	217
83	184
83	235
83	277
83	151
83	198
83	222
83	252
83	238
83	178
83	176
83	191
83	169
83	256
83	224
83	232
83	264
83	172
83	214
83	254
83	177
83	186
83	155
83	292
83	260
83	271
84	276
84	227
84	285
84	164
84	296
84	230
84	197
84	290
84	240
84	163
84	159
84	294
84	184
84	260
84	270
84	211
84	255
84	281
84	183
84	209
84	208
84	295
84	250
84	228
84	226
84	195
84	212
84	167
84	272
84	162
84	289
84	168
84	221
84	267
84	207
84	268
84	251
84	284
84	273
84	205
84	154
84	266
84	244
84	214
84	216
84	194
84	178
84	157
84	182
85	260
85	213
85	282
85	245
85	176
85	196
85	153
85	218
85	216
85	154
85	258
85	182
85	172
85	211
85	163
85	175
85	253
85	233
85	200
85	252
85	284
85	251
85	296
85	249
85	267
85	277
85	239
85	244
85	241
85	270
85	273
85	212
85	188
85	291
85	171
85	195
85	295
85	235
85	180
85	194
85	263
85	189
85	215
85	199
85	222
85	165
85	289
85	179
85	288
85	278
85	197
86	243
86	293
86	286
86	253
86	218
86	258
86	170
86	285
86	153
86	273
86	249
86	187
86	202
86	256
86	211
86	220
86	241
86	281
86	215
86	300
86	264
86	276
86	254
86	159
86	291
86	294
86	266
86	165
86	190
86	184
86	269
86	207
86	296
86	188
86	295
86	275
86	169
86	240
86	162
86	225
86	204
86	178
86	193
86	219
86	167
86	292
86	182
86	283
86	222
87	283
87	156
87	219
87	289
87	296
87	213
87	300
87	290
87	264
87	229
87	244
87	180
87	206
87	178
87	181
87	231
87	205
87	260
87	262
87	239
87	222
87	212
87	230
87	281
87	153
87	274
87	218
87	211
87	193
87	246
87	261
87	197
87	284
87	240
87	176
87	151
87	251
87	168
87	257
87	203
87	166
87	165
87	242
87	177
87	200
87	188
87	196
87	220
88	197
88	274
88	300
88	278
88	292
88	256
88	245
88	229
88	188
88	183
88	284
88	270
88	246
88	172
88	216
88	236
88	215
88	260
88	235
88	257
88	199
88	275
88	262
88	193
88	239
88	250
88	255
88	261
88	181
88	189
88	168
88	252
88	228
88	296
88	175
88	226
88	177
88	213
88	209
88	217
88	187
88	185
88	195
88	202
88	224
88	279
88	223
88	154
88	198
88	231
88	156
89	186
89	285
89	172
89	161
89	188
89	159
89	276
89	182
89	229
89	265
89	219
89	224
89	267
89	288
89	248
89	183
89	273
89	299
89	200
89	290
89	286
89	217
89	272
89	214
89	165
89	294
89	240
89	255
89	203
89	244
89	168
89	202
89	211
89	196
89	291
89	162
89	266
89	261
89	242
89	236
89	300
89	157
89	155
89	199
89	296
89	180
89	233
90	239
90	245
90	213
90	263
90	203
90	153
90	167
90	267
90	285
90	172
90	242
90	290
90	237
90	224
90	243
90	184
90	151
90	232
90	222
90	204
90	271
90	284
90	223
90	181
90	186
90	207
90	291
90	190
90	209
90	249
90	180
90	165
90	277
90	273
90	215
90	256
90	163
90	247
90	188
90	161
90	287
90	196
90	189
90	274
90	236
90	227
90	201
90	253
90	217
90	266
90	276
90	234
91	216
91	258
91	246
91	259
91	257
91	218
91	190
91	282
91	179
91	238
91	245
91	154
91	170
91	274
91	182
91	284
91	229
91	203
91	233
91	167
91	151
91	272
91	250
91	275
91	273
91	194
91	293
91	202
91	210
91	227
91	200
91	268
91	155
91	241
91	228
91	234
91	183
91	178
91	226
92	254
92	215
92	194
92	164
92	223
92	240
92	264
92	234
92	190
92	281
92	207
92	288
92	263
92	226
92	172
92	213
92	230
92	199
92	168
92	222
92	272
92	203
92	206
92	235
92	239
92	173
92	233
92	191
92	242
92	271
92	247
92	270
92	163
92	166
92	243
92	275
92	211
92	278
92	298
92	299
92	193
92	295
92	218
92	287
92	159
93	241
93	188
93	273
93	293
93	221
93	213
93	237
93	212
93	268
93	261
93	153
93	220
93	251
93	175
93	202
93	215
93	256
93	297
93	158
93	224
93	240
93	286
93	194
93	176
93	222
93	298
93	169
93	207
93	258
93	242
93	245
93	255
93	179
93	280
93	163
93	300
93	159
93	244
93	264
93	195
93	234
93	214
93	276
93	232
93	157
93	238
93	267
93	254
93	183
93	206
93	287
93	162
93	173
94	209
94	160
94	193
94	236
94	186
94	258
94	275
94	260
94	197
94	220
94	202
94	201
94	227
94	171
94	240
94	164
94	180
94	195
94	296
94	287
94	285
94	226
94	156
94	246
94	270
94	177
94	262
94	293
94	185
94	222
94	231
94	274
94	244
94	264
94	265
94	277
94	243
94	181
94	280
94	165
94	208
94	273
94	206
94	196
94	232
94	238
94	157
94	152
94	290
95	173
95	291
95	183
95	159
95	259
95	273
95	151
95	218
95	257
95	264
95	300
95	209
95	199
95	164
95	157
95	295
95	298
95	228
95	286
95	167
95	294
95	237
95	210
95	219
95	185
95	221
95	290
95	166
95	242
95	214
95	275
95	249
95	271
95	240
95	191
95	274
95	186
95	190
95	234
95	172
95	155
95	158
95	212
95	292
96	253
96	152
96	196
96	299
96	197
96	250
96	285
96	238
96	192
96	297
96	195
96	248
96	223
96	240
96	199
96	244
96	269
96	255
96	182
96	270
96	156
96	267
96	179
96	227
96	263
96	231
96	252
96	256
96	153
96	278
96	230
96	290
96	202
96	284
96	266
96	286
96	292
96	151
96	232
96	272
96	174
96	289
96	210
96	214
96	239
96	277
96	211
96	259
96	226
96	166
96	180
96	201
96	219
97	174
97	240
97	160
97	286
97	180
97	181
97	212
97	199
97	263
97	198
97	239
97	231
97	271
97	206
97	164
97	194
97	243
97	285
97	158
97	270
97	279
97	217
97	289
97	247
97	188
97	241
97	228
97	152
97	219
97	200
97	238
97	294
97	173
97	151
97	254
97	274
97	215
97	159
97	230
97	268
97	252
97	292
97	242
97	248
97	193
97	299
97	191
97	250
97	202
97	259
98	269
98	191
98	230
98	267
98	173
98	246
98	291
98	196
98	249
98	277
98	201
98	161
98	282
98	272
98	189
98	152
98	225
98	181
98	254
98	171
98	169
98	215
98	154
98	278
98	283
98	156
98	258
98	213
98	288
98	295
98	218
98	240
98	214
98	234
98	228
98	202
98	226
98	180
98	266
98	203
98	194
98	210
98	264
98	170
98	275
98	204
98	216
98	165
98	167
98	185
98	232
98	229
98	160
98	261
98	241
98	206
98	235
98	155
99	300
99	213
99	175
99	199
99	185
99	218
99	266
99	276
99	293
99	283
99	241
99	268
99	233
99	198
99	230
99	208
99	249
99	280
99	201
99	279
99	254
99	177
99	234
99	224
99	247
99	166
99	226
99	215
99	264
99	217
99	296
99	209
99	245
99	250
99	204
99	290
99	216
99	154
99	165
99	227
99	155
99	196
99	255
99	193
99	203
99	160
99	220
99	260
99	156
99	271
99	256
99	286
99	190
99	176
99	287
99	223
100	251
100	224
100	265
100	226
100	161
100	156
100	228
100	196
100	266
100	170
100	160
100	217
100	271
100	246
100	172
100	237
100	155
100	244
100	216
100	239
100	201
100	293
100	223
100	230
100	268
100	175
100	282
100	182
100	254
100	185
100	177
100	198
100	290
100	243
100	209
100	250
100	262
100	214
100	188
100	231
100	272
100	169
100	179
100	151
100	193
100	220
100	199
100	212
100	204
100	242
100	236
100	269
101	254
101	197
101	167
101	205
101	156
101	208
101	185
101	282
101	216
101	193
101	176
101	300
101	295
101	187
101	265
101	215
101	242
101	270
101	181
101	294
101	158
101	153
101	237
101	281
101	186
101	224
101	221
101	163
101	251
101	247
101	238
101	230
101	256
101	289
101	177
101	239
101	225
101	180
101	249
101	291
101	288
101	269
101	292
101	203
101	157
101	184
102	252
102	297
102	190
102	177
102	197
102	236
102	173
102	226
102	183
102	223
102	283
102	187
102	221
102	205
102	296
102	171
102	256
102	220
102	198
102	292
102	272
102	158
102	224
102	234
102	269
102	279
102	225
102	169
102	278
102	265
102	247
102	185
102	251
102	281
102	204
102	293
102	195
102	212
102	182
102	275
102	165
102	270
102	202
102	172
102	196
102	268
102	264
102	191
102	227
102	186
102	271
103	230
103	173
103	164
103	232
103	272
103	245
103	263
103	294
103	155
103	222
103	203
103	228
103	179
103	213
103	221
103	259
103	224
103	170
103	267
103	288
103	297
103	156
103	163
103	208
103	206
103	187
103	165
103	157
103	266
103	292
103	273
103	293
103	251
103	214
103	162
103	212
103	217
103	159
103	250
103	171
103	154
103	196
103	271
103	286
103	219
103	151
103	169
103	182
103	223
103	231
104	213
104	156
104	199
104	241
104	279
104	270
104	224
104	165
104	151
104	248
104	288
104	273
104	285
104	280
104	257
104	167
104	171
104	277
104	256
104	182
104	252
104	225
104	162
104	222
104	187
104	201
104	298
104	158
104	223
104	290
104	185
104	219
104	282
104	259
104	263
104	168
104	169
104	237
104	287
104	153
104	215
104	181
104	238
104	175
105	232
105	287
105	277
105	249
105	200
105	164
105	238
105	233
105	289
105	170
105	269
105	245
105	255
105	218
105	241
105	206
105	274
105	209
105	220
105	281
105	239
105	279
105	246
105	227
105	243
105	168
105	192
105	211
105	266
105	236
105	247
105	185
105	153
105	229
105	267
105	189
105	252
105	265
105	268
105	204
105	167
105	248
105	263
105	231
105	275
105	244
105	184
105	225
105	175
105	205
105	203
105	199
105	294
105	293
105	212
105	285
105	257
105	270
105	262
105	180
105	207
105	188
106	214
106	240
106	161
106	186
106	258
106	183
106	177
106	175
106	228
106	249
106	219
106	182
106	193
106	189
106	185
106	236
106	262
106	170
106	197
106	296
106	203
106	254
106	176
106	246
106	225
106	263
106	237
106	152
106	261
106	266
106	299
106	253
106	208
106	218
106	180
106	154
106	207
106	166
106	171
106	269
106	184
106	198
106	223
106	155
106	213
106	192
106	279
106	247
106	156
106	285
107	299
107	200
107	199
107	205
107	288
107	245
107	167
107	255
107	281
107	159
107	272
107	263
107	236
107	244
107	177
107	197
107	158
107	218
107	188
107	282
107	289
107	226
107	254
107	293
107	239
107	285
107	242
107	184
107	202
107	166
107	168
107	176
107	266
107	190
107	249
107	227
107	156
107	172
107	265
107	290
107	179
107	280
107	229
107	250
107	219
107	186
107	153
107	283
107	269
107	183
108	248
108	180
108	221
108	207
108	265
108	158
108	168
108	236
108	188
108	286
108	156
108	251
108	272
108	228
108	284
108	264
108	256
108	295
108	202
108	185
108	155
108	208
108	290
108	262
108	203
108	199
108	234
108	293
108	190
108	220
108	177
108	285
108	196
108	298
108	163
108	226
108	186
108	157
108	184
108	280
108	183
108	209
108	243
108	261
109	219
109	297
109	202
109	172
109	238
109	171
109	262
109	288
109	245
109	232
109	234
109	213
109	196
109	204
109	286
109	280
109	169
109	283
109	160
109	201
109	270
109	182
109	178
109	240
109	230
109	191
109	299
109	258
109	195
109	198
109	252
109	227
109	253
109	225
109	272
109	275
109	287
109	188
109	186
109	184
109	243
109	193
109	263
109	162
109	246
109	177
110	299
110	273
110	266
110	167
110	254
110	284
110	201
110	217
110	197
110	281
110	258
110	227
110	178
110	168
110	209
110	173
110	240
110	260
110	234
110	186
110	300
110	241
110	292
110	287
110	185
110	278
110	181
110	290
110	165
110	170
110	152
110	256
110	238
110	176
110	245
110	229
110	172
110	267
110	246
110	282
110	179
110	225
110	184
110	202
110	151
111	252
111	229
111	171
111	190
111	272
111	257
111	196
111	233
111	298
111	197
111	261
111	159
111	277
111	253
111	216
111	178
111	294
111	168
111	225
111	241
111	224
111	185
111	284
111	176
111	291
111	161
111	175
111	275
111	248
111	231
111	192
111	247
111	187
111	282
111	300
111	217
111	160
111	203
111	250
111	267
112	268
112	289
112	274
112	201
112	295
112	176
112	221
112	231
112	279
112	196
112	233
112	283
112	256
112	241
112	171
112	187
112	184
112	291
112	213
112	235
112	286
112	210
112	208
112	194
112	173
112	246
112	203
112	243
112	288
112	261
112	198
112	244
112	169
112	248
112	195
112	284
112	209
112	300
112	191
112	212
112	245
112	280
112	197
112	263
112	271
112	157
112	155
112	180
112	264
112	226
112	299
112	237
112	185
112	277
112	204
112	270
112	258
113	152
113	224
113	201
113	239
113	182
113	199
113	181
113	277
113	180
113	285
113	272
113	212
113	163
113	209
113	229
113	221
113	197
113	270
113	259
113	290
113	231
113	213
113	252
113	178
113	168
113	162
113	263
113	287
113	206
113	274
113	172
113	208
113	255
113	217
113	214
113	165
113	186
113	223
113	264
113	267
113	211
113	271
113	167
113	245
113	228
113	266
113	193
113	233
113	232
113	237
113	216
114	230
114	192
114	234
114	281
114	244
114	159
114	242
114	189
114	275
114	184
114	262
114	203
114	286
114	279
114	238
114	152
114	156
114	256
114	236
114	278
114	241
114	249
114	298
114	294
114	208
114	295
114	237
114	187
114	268
114	292
114	289
114	227
114	271
114	181
114	188
114	219
114	246
114	231
114	232
114	269
114	273
114	251
114	166
114	293
114	180
114	257
114	280
114	178
115	226
115	253
115	229
115	153
115	300
115	252
115	241
115	151
115	242
115	239
115	297
115	262
115	213
115	251
115	164
115	240
115	228
115	277
115	265
115	154
115	236
115	289
115	187
115	206
115	163
115	222
115	273
115	167
115	178
115	168
115	264
115	195
115	238
115	225
115	235
115	250
115	166
115	173
115	215
115	267
115	207
115	296
115	286
115	231
115	254
115	204
115	255
115	283
115	179
115	263
116	220
116	274
116	240
116	273
116	295
116	228
116	219
116	250
116	180
116	173
116	246
116	231
116	275
116	245
116	256
116	260
116	293
116	179
116	294
116	226
116	215
116	265
116	153
116	192
116	272
116	209
116	237
116	287
116	254
116	198
116	195
116	238
116	235
116	279
116	166
116	282
116	280
116	171
116	252
116	230
116	264
116	178
116	174
117	216
117	249
117	226
117	230
117	164
117	280
117	199
117	188
117	283
117	225
117	215
117	189
117	235
117	214
117	245
117	273
117	267
117	195
117	204
117	156
117	259
117	227
117	293
117	194
117	173
117	154
117	198
117	276
117	196
117	258
117	284
117	211
117	185
117	212
117	155
117	162
117	255
117	253
117	229
117	222
117	181
117	166
117	257
117	272
118	160
118	171
118	251
118	218
118	268
118	300
118	234
118	183
118	209
118	237
118	240
118	293
118	297
118	231
118	276
118	198
118	191
118	173
118	164
118	189
118	159
118	207
118	213
118	202
118	178
118	271
118	255
118	245
118	226
118	286
118	200
118	151
118	292
118	241
118	203
118	272
118	295
118	287
118	233
118	211
118	168
118	277
118	222
118	212
118	219
118	256
118	180
119	243
119	272
119	195
119	290
119	155
119	188
119	286
119	239
119	287
119	285
119	248
119	229
119	255
119	164
119	271
119	244
119	153
119	253
119	209
119	168
119	284
119	278
119	176
119	227
119	181
119	261
119	224
119	298
119	156
119	266
119	198
119	281
119	258
119	194
119	232
119	288
119	191
119	175
119	300
119	270
119	233
119	158
119	183
119	259
119	254
119	214
119	182
119	291
119	273
119	226
120	237
120	259
120	204
120	199
120	295
120	280
120	250
120	251
120	294
120	205
120	166
120	194
120	188
120	253
120	300
120	290
120	187
120	278
120	296
120	269
120	200
120	231
120	234
120	243
120	268
120	245
120	279
120	249
120	232
120	247
120	192
120	218
120	206
120	257
120	167
120	164
120	275
120	244
120	265
120	156
120	274
120	230
120	173
120	209
120	196
120	202
120	169
120	211
120	240
120	186
120	258
120	195
120	189
120	267
120	216
120	213
120	171
120	220
121	270
121	178
121	224
121	280
121	223
121	232
121	242
121	205
121	168
121	163
121	282
121	156
121	272
121	214
121	209
121	287
121	151
121	233
121	212
121	244
121	248
121	157
121	179
121	257
121	241
121	200
121	276
121	229
121	288
121	196
121	194
121	192
121	186
121	162
121	230
121	249
121	267
121	238
121	215
121	236
121	281
121	243
121	171
121	172
122	156
122	273
122	230
122	260
122	194
122	254
122	201
122	216
122	280
122	200
122	165
122	181
122	213
122	173
122	272
122	246
122	175
122	242
122	184
122	161
122	167
122	217
122	234
122	255
122	205
122	203
122	279
122	283
122	226
122	253
122	192
122	276
122	252
122	275
122	196
122	177
122	164
122	269
122	282
122	271
122	218
122	163
122	221
122	188
122	169
122	235
122	259
122	159
122	256
122	152
123	222
123	246
123	159
123	272
123	231
123	188
123	260
123	284
123	192
123	198
123	221
123	253
123	217
123	194
123	290
123	268
123	234
123	291
123	271
123	183
123	297
123	286
123	226
123	175
123	256
123	166
123	212
123	248
123	264
123	296
123	275
123	298
123	173
123	220
123	262
123	189
123	289
123	250
123	236
123	293
123	170
123	258
123	167
123	241
123	263
123	282
123	255
123	288
123	169
124	206
124	249
124	293
124	253
124	174
124	292
124	175
124	271
124	198
124	258
124	170
124	223
124	273
124	188
124	244
124	156
124	201
124	250
124	252
124	282
124	212
124	222
124	280
124	284
124	288
124	160
124	236
124	239
124	218
124	193
124	187
124	270
124	265
124	166
124	285
124	161
124	225
124	246
124	272
124	184
124	241
124	291
124	259
124	197
124	243
124	263
124	240
124	235
125	189
125	245
125	265
125	191
125	176
125	208
125	273
125	277
125	203
125	268
125	262
125	196
125	284
125	275
125	184
125	238
125	297
125	294
125	155
125	156
125	182
125	236
125	211
125	202
125	198
125	227
125	266
125	170
125	252
125	160
125	239
125	228
125	175
125	250
125	165
125	213
125	172
125	197
125	188
125	278
125	221
125	267
125	162
125	220
125	177
125	179
125	180
125	249
125	158
125	299
125	190
125	258
125	244
125	199
126	165
126	241
126	230
126	200
126	271
126	275
126	210
126	252
126	253
126	164
126	156
126	214
126	178
126	249
126	168
126	246
126	248
126	276
126	251
126	236
126	209
126	282
126	222
126	295
126	195
126	172
126	162
126	216
126	184
126	152
126	158
126	159
126	231
126	226
126	245
126	192
126	163
126	239
126	274
126	235
126	240
126	199
126	224
126	166
126	272
127	201
127	235
127	236
127	250
127	272
127	205
127	238
127	300
127	249
127	209
127	269
127	255
127	173
127	286
127	230
127	246
127	152
127	164
127	200
127	176
127	196
127	229
127	266
127	154
127	163
127	208
127	203
127	177
127	292
127	172
127	151
127	155
127	221
127	267
127	284
127	259
127	227
127	170
127	299
127	187
127	289
127	294
127	156
127	295
127	179
127	241
127	251
127	223
127	262
127	226
127	298
127	244
127	213
127	197
127	175
127	199
127	171
127	186
127	204
128	297
128	168
128	300
128	153
128	217
128	182
128	231
128	162
128	239
128	257
128	193
128	286
128	245
128	295
128	251
128	268
128	165
128	289
128	157
128	262
128	216
128	187
128	199
128	190
128	237
128	260
128	196
128	166
128	246
128	201
128	185
128	276
128	212
128	192
128	179
128	178
128	209
128	263
128	287
128	242
128	283
128	176
128	250
128	175
128	249
129	275
129	157
129	182
129	240
129	169
129	162
129	171
129	206
129	167
129	232
129	186
129	212
129	192
129	241
129	281
129	270
129	207
129	172
129	165
129	160
129	181
129	230
129	264
129	296
129	220
129	164
129	163
129	287
129	269
129	155
129	173
129	200
129	225
129	283
129	300
129	152
129	274
129	297
129	229
129	276
129	184
129	262
129	217
129	191
129	218
129	190
129	224
129	298
129	242
129	236
129	246
129	239
129	204
129	268
130	266
130	265
130	242
130	183
130	180
130	171
130	278
130	241
130	213
130	173
130	174
130	168
130	207
130	200
130	256
130	277
130	155
130	289
130	224
130	159
130	230
130	163
130	227
130	210
130	195
130	201
130	185
130	270
130	295
130	300
130	169
130	257
130	251
130	221
130	272
130	259
130	229
130	203
130	269
130	194
130	228
130	286
130	234
131	152
131	191
131	217
131	203
131	276
131	232
131	210
131	238
131	183
131	257
131	226
131	214
131	299
131	283
131	254
131	261
131	279
131	161
131	240
131	280
131	208
131	193
131	267
131	218
131	243
131	219
131	271
131	245
131	188
131	258
131	298
131	246
131	253
131	248
131	229
131	216
131	176
131	165
131	264
131	211
131	262
131	255
131	197
131	285
131	180
131	174
132	213
132	190
132	259
132	291
132	270
132	282
132	162
132	179
132	163
132	297
132	208
132	255
132	160
132	293
132	294
132	219
132	236
132	280
132	166
132	232
132	268
132	176
132	229
132	230
132	257
132	254
132	249
132	174
132	171
132	274
132	186
132	281
132	175
132	263
132	205
132	239
132	203
132	155
132	167
132	172
132	204
132	246
132	207
132	262
132	181
132	275
132	287
132	253
132	197
133	286
133	264
133	187
133	242
133	182
133	170
133	240
133	289
133	258
133	179
133	198
133	267
133	192
133	216
133	223
133	185
133	300
133	282
133	205
133	233
133	262
133	245
133	217
133	153
133	244
133	222
133	236
133	238
133	188
133	283
133	164
133	229
133	220
133	294
133	237
133	159
133	297
133	173
133	285
133	273
133	161
133	214
133	151
133	293
133	155
133	174
133	186
133	250
133	231
134	213
134	290
134	259
134	156
134	187
134	275
134	198
134	248
134	293
134	200
134	298
134	233
134	253
134	178
134	264
134	152
134	217
134	236
134	204
134	157
134	230
134	183
134	195
134	225
134	261
134	151
134	181
134	160
134	240
134	205
134	226
134	280
134	222
134	285
134	262
134	186
134	169
134	227
134	277
134	279
134	211
134	245
134	291
134	223
134	174
134	278
134	170
134	281
134	238
134	163
134	172
134	292
134	267
134	283
134	214
135	272
135	267
135	295
135	294
135	242
135	184
135	198
135	229
135	249
135	234
135	281
135	283
135	263
135	251
135	291
135	271
135	290
135	248
135	194
135	163
135	252
135	265
135	155
135	230
135	284
135	286
135	233
135	186
135	217
135	237
135	179
135	213
135	261
135	236
135	243
135	256
135	220
135	285
135	164
135	279
135	161
135	250
135	196
135	168
135	235
135	193
135	180
135	197
136	180
136	268
136	296
136	247
136	181
136	174
136	298
136	288
136	291
136	171
136	187
136	216
136	158
136	226
136	186
136	251
136	232
136	184
136	233
136	295
136	199
136	263
136	179
136	271
136	284
136	248
136	253
136	285
136	192
136	261
136	153
136	260
136	197
136	177
136	281
136	230
136	250
136	257
136	269
136	203
136	236
136	279
136	173
136	166
136	237
136	292
137	178
137	228
137	262
137	206
137	236
137	275
137	246
137	203
137	210
137	272
137	227
137	161
137	176
137	179
137	279
137	151
137	256
137	222
137	207
137	230
137	263
137	159
137	242
137	259
137	216
137	165
137	270
137	239
137	154
137	243
137	174
137	299
137	241
137	294
137	188
137	211
137	288
137	171
137	190
137	261
137	265
137	255
137	267
137	186
137	285
137	169
137	286
137	182
138	171
138	167
138	261
138	222
138	165
138	182
138	183
138	173
138	228
138	197
138	210
138	175
138	281
138	226
138	294
138	245
138	283
138	212
138	216
138	263
138	176
138	169
138	172
138	168
138	251
138	258
138	177
138	288
138	264
138	255
138	202
138	170
138	204
138	208
138	243
138	241
138	293
138	272
138	187
138	235
138	225
138	240
138	231
138	271
138	180
138	280
139	298
139	288
139	232
139	174
139	189
139	181
139	206
139	265
139	162
139	180
139	151
139	183
139	260
139	192
139	250
139	204
139	253
139	228
139	241
139	167
139	229
139	153
139	173
139	279
139	262
139	277
139	291
139	258
139	249
139	198
139	286
139	272
139	186
139	185
139	202
139	285
139	239
139	219
139	177
139	269
139	267
139	282
139	273
139	242
139	230
139	271
139	264
139	294
139	220
139	276
139	292
139	217
139	268
139	170
140	186
140	190
140	274
140	260
140	167
140	247
140	243
140	168
140	270
140	289
140	241
140	224
140	222
140	201
140	160
140	185
140	273
140	265
140	161
140	158
140	223
140	172
140	205
140	180
140	189
140	220
140	216
140	200
140	297
140	183
140	159
140	281
140	238
140	151
140	300
140	295
140	250
140	286
140	225
140	252
140	176
140	232
140	174
140	271
140	296
140	299
140	207
140	264
140	269
140	290
141	174
141	159
141	284
141	226
141	247
141	218
141	188
141	170
141	248
141	288
141	260
141	210
141	205
141	249
141	257
141	207
141	195
141	237
141	286
141	270
141	204
141	224
141	297
141	279
141	299
141	214
141	275
141	157
141	199
141	290
141	206
141	266
141	225
141	295
141	173
141	186
141	208
141	190
141	254
141	191
141	184
141	256
141	201
141	236
141	285
141	165
142	268
142	154
142	204
142	183
142	217
142	254
142	177
142	166
142	198
142	286
142	274
142	189
142	278
142	205
142	271
142	241
142	165
142	190
142	187
142	290
142	252
142	164
142	255
142	281
142	283
142	265
142	223
142	184
142	195
142	180
142	158
142	235
142	152
142	236
142	172
142	276
142	206
142	226
142	216
142	260
142	230
142	220
142	156
142	170
142	256
142	162
142	253
142	247
143	267
143	155
143	293
143	157
143	192
143	243
143	274
143	197
143	258
143	162
143	203
143	256
143	245
143	287
143	244
143	180
143	207
143	225
143	212
143	283
143	275
143	210
143	151
143	268
143	196
143	219
143	248
143	232
143	163
143	179
143	289
143	261
143	240
143	279
143	265
143	269
143	181
143	297
143	201
143	171
143	292
143	170
143	233
143	195
143	280
143	176
143	215
143	224
143	238
143	236
143	227
143	178
143	290
143	273
143	153
144	280
144	254
144	218
144	289
144	183
144	258
144	195
144	212
144	288
144	255
144	227
144	241
144	152
144	210
144	203
144	185
144	269
144	234
144	247
144	217
144	151
144	174
144	180
144	156
144	275
144	184
144	163
144	186
144	206
144	172
144	296
144	209
144	187
144	169
144	165
144	224
144	213
144	253
144	264
144	298
144	243
144	232
144	230
144	297
144	233
144	284
144	182
145	228
145	264
145	258
145	260
145	241
145	151
145	219
145	229
145	284
145	194
145	199
145	159
145	254
145	198
145	165
145	271
145	226
145	206
145	154
145	246
145	197
145	262
145	243
145	288
145	276
145	187
145	177
145	279
145	267
145	292
145	250
145	157
145	178
145	181
145	172
145	222
145	245
145	265
145	192
145	299
145	280
145	266
146	296
146	241
146	207
146	215
146	167
146	191
146	265
146	153
146	298
146	232
146	222
146	252
146	189
146	196
146	154
146	217
146	151
146	161
146	206
146	234
146	188
146	259
146	202
146	213
146	275
146	279
146	242
146	277
146	244
146	198
146	274
146	239
146	283
146	180
146	169
146	247
146	210
146	185
146	158
146	282
146	293
146	268
146	269
146	285
146	209
146	251
146	291
146	286
147	247
147	253
147	271
147	252
147	213
147	162
147	168
147	286
147	169
147	166
147	228
147	171
147	156
147	287
147	250
147	209
147	265
147	219
147	154
147	218
147	231
147	170
147	184
147	188
147	192
147	270
147	223
147	269
147	163
147	202
147	235
147	203
147	201
147	244
147	208
147	277
147	297
147	200
147	262
147	233
147	278
147	181
147	248
147	289
147	164
147	259
147	236
147	224
147	189
147	178
148	236
148	255
148	230
148	161
148	192
148	272
148	267
148	246
148	257
148	292
148	201
148	224
148	164
148	152
148	271
148	183
148	260
148	259
148	176
148	244
148	298
148	280
148	204
148	163
148	238
148	226
148	295
148	258
148	296
148	274
148	206
148	212
148	167
148	200
148	243
148	213
148	218
148	291
148	254
148	269
148	193
148	247
148	173
148	263
148	197
148	248
148	273
148	270
148	231
148	162
148	175
148	232
148	191
148	290
148	160
148	217
148	220
148	264
149	254
149	230
149	265
149	262
149	214
149	160
149	166
149	185
149	229
149	250
149	182
149	224
149	213
149	212
149	151
149	242
149	249
149	225
149	228
149	153
149	245
149	286
149	269
149	220
149	206
149	208
149	264
149	239
149	271
149	236
149	186
149	258
149	191
149	187
149	172
149	248
149	202
149	268
149	251
149	300
149	157
149	272
149	170
149	177
149	179
149	171
149	270
149	294
149	205
149	293
149	253
149	259
149	276
149	287
149	173
149	296
149	161
150	199
150	183
150	274
150	251
150	255
150	231
150	187
150	263
150	269
150	264
150	179
150	169
150	265
150	240
150	204
150	282
150	257
150	234
150	216
150	222
150	278
150	226
150	284
150	151
150	158
150	236
150	260
150	300
150	277
150	290
150	174
150	298
150	296
150	258
150	253
150	297
150	167
150	200
150	159
150	195
150	211
150	261
150	280
150	242
150	279
150	238
150	276
150	230
150	266
150	212
150	252
150	217
150	275
150	207
150	214
150	176