200 200 15
1	284
1	381
1	365
1	231
1	245
1	336
1	255
1	274
1	281
1	353
1	279
1	371
1	355
1	287
1	205
1	315
1	311
1	320
1	246
1	360
1	253
1	266
1	296
1	321
1	222
1	270
1	316
1	244
1	247
1	288
1	256
1	319
1	330
1	302
1	347
1	202
1	267
1	230
1	354
1	272
1	212
1	220
1	308
1	391
1	234
1	364
1	393
1	387
1	327
1	314
1	370
1	265
1	351
1	283
1	389
1	297
1	223
2	376
2	261
2	350
2	254
2	228
2	274
2	262
2	306
2	208
2	380
2	378
2	352
2	296
2	234
2	385
2	249
2	348
2	287
2	265
2	357
2	360
2	224
2	307
2	390
2	316
2	342
2	389
2	266
2	244
2	209
2	285
2	240
2	371
2	355
2	375
2	367
2	205
2	248
2	325
2	267
2	369
2	327
2	242
2	329
2	213
2	214
2	347
2	323
2	300
2	217
2	301
3	323
3	281
3	219
3	293
3	339
3	291
3	338
3	332
3	229
3	334
3	384
3	240
3	310
3	316
3	394
3	343
3	242
3	211
3	233
3	266
3	303
3	265
3	393
3	356
3	283
3	352
3	322
3	250
3	238
3	309
3	296
3	315
3	202
3	328
3	280
3	379
3	236
3	371
3	201
3	348
3	278
3	222
3	255
3	279
3	361
3	329
4	261
4	270
4	328
4	202
4	329
4	378
4	283
4	222
4	285
4	290
4	269
4	327
4	309
4	293
4	359
4	352
4	266
4	255
4	374
4	301
4	341
4	339
4	350
4	225
4	344
4	364
4	385
4	395
4	342
4	271
4	288
4	372
4	356
4	318
4	267
4	214
4	381
4	228
4	218
4	337
4	243
4	396
4	227
4	291
4	234
4	299
4	245
4	315
4	262
4	249
4	215
4	325
4	399
4	260
5	386
5	351
5	345
5	312
5	305
5	204
5	370
5	239
5	364
5	366
5	292
5	382
5	241
5	213
5	337
5	299
5	212
5	224
5	349
5	276
5	209
5	342
5	340
5	394
5	303
5	266
5	335
5	387
5	339
5	397
5	302
5	277
5	320
5	206
5	272
5	377
5	280
5	220
5	207
5	243
5	286
5	328
5	373
5	333
5	330
5	229
5	234
5	359
5	278
5	271
5	317
5	368
6	237
6	208
6	324
6	255
6	293
6	298
6	268
6	348
6	313
6	339
6	368
6	346
6	256
6	201
6	349
6	375
6	297
6	210
6	315
6	251
6	363
6	246
6	323
6	361
6	316
6	283
6	211
6	229
6	263
6	395
6	330
6	286
6	311
6	341
6	219
6	312
6	252
6	328
6	226
6	228
6	382
6	389
7	353
7	321
7	307
7	270
7	294
7	244
7	286
7	290
7	202
7	333
7	347
7	272
7	237
7	273
7	224
7	238
7	310
7	312
7	223
7	255
7	335
7	219
7	387
7	381
7	214
7	265
7	355
7	299
7	390
7	234
7	233
7	308
7	257
7	375
7	229
7	259
7	230
7	350
7	304
7	364
7	372
7	306
8	335
8	283
8	349
8	332
8	344
8	370
8	220
8	371
8	258
8	317
8	214
8	362
8	210
8	315
8	326
8	360
8	373
8	354
8	313
8	361
8	328
8	312
8	336
8	239
8	295
8	256
8	261
8	397
8	345
8	304
8	386
8	280
8	381
8	213
8	252
8	378
8	206
8	343
8	327
8	339
8	365
8	353
8	342
8	204
8	223
8	221
8	306
8	368
8	301
8	227
8	309
8	321
8	266
8	234
8	264
8	242
8	299
8	286
8	203
8	399
9	295
9	301
9	230
9	339
9	331
9	370
9	369
9	276
9	239
9	265
9	253
9	283
9	330
9	344
9	383
9	244
9	211
9	399
9	277
9	347
9	225
9	267
9	272
9	329
9	220
9	240
9	232
9	266
9	215
9	307
9	254
9	341
9	373
9	363
9	209
9	224
9	262
9	348
9	284
9	346
9	372
9	271
9	302
9	228
9	309
9	365
9	278
9	219
10	285
10	252
10	314
10	339
10	286
10	389
10	305
10	354
10	281
10	310
10	234
10	248
10	347
10	294
10	352
10	223
10	379
10	313
10	251
10	380
10	374
10	383
10	343
10	353
10	369
10	385
10	292
10	222
10	291
10	216
10	244
10	220
10	356
10	227
10	308
10	317
10	362
10	204
10	268
10	372
10	364
10	205
10	318
10	258
10	264
10	236
10	335
10	346
10	233
10	283
10	394
10	261
10	218
10	257
10	201
10	295
11	207
11	235
11	222
11	318
11	260
11	263
11	380
11	362
11	395
11	262
11	244
11	397
11	280
11	269
11	210
11	396
11	223
11	216
11	265
11	233
11	331
11	294
11	391
11	361
11	304
11	366
11	354
11	317
11	240
11	329
11	321
11	220
11	352
11	307
11	344
11	374
11	377
11	333
11	282
11	254
11	319
11	214
11	279
11	276
11	299
11	237
11	313
11	212
11	349
11	323
11	206
12	343
12	304
12	209
12	244
12	357
12	349
12	303
12	246
12	251
12	328
12	341
12	360
12	261
12	361
12	342
12	355
12	368
12	213
12	285
12	387
12	369
12	262
12	221
12	286
12	272
12	253
12	241
12	391
12	203
12	400
12	250
12	290
12	398
12	325
12	385
12	305
12	374
12	293
12	222
12	301
12	379
12	224
12	393
12	370
12	367
12	315
12	297
12	326
12	395
12	281
12	340
12	271
12	291
12	217
13	375
13	377
13	312
13	248
13	202
13	209
13	324
13	214
13	227
13	286
13	216
13	284
13	322
13	338
13	245
13	289
13	241
13	210
13	361
13	323
13	343
13	384
13	291
13	374
13	259
13	287
13	355
13	364
13	258
13	397
13	233
13	372
13	264
13	319
13	228
13	225
13	256
13	274
13	302
13	381
13	320
13	300
13	215
13	303
13	231
13	304
13	271
13	269
13	293
14	342
14	282
14	286
14	238
14	253
14	334
14	281
14	339
14	313
14	294
14	291
14	345
14	388
14	328
14	369
14	323
14	299
14	230
14	309
14	400
14	311
14	222
14	359
14	302
14	371
14	332
14	293
14	266
14	223
14	209
14	240
14	353
14	243
14	225
14	276
14	392
14	283
14	229
14	210
14	224
14	340
14	382
14	269
14	374
14	278
14	215
14	329
14	202
15	381
15	350
15	288
15	371
15	252
15	284
15	233
15	228
15	285
15	294
15	278
15	256
15	377
15	229
15	327
15	313
15	280
15	319
15	331
15	293
15	314
15	261
15	209
15	390
15	384
15	373
15	332
15	335
15	291
15	203
15	346
15	375
15	273
15	214
15	312
15	316
15	297
15	308
15	208
15	226
15	352
15	275
15	400
15	354
15	283
15	248
15	215
15	281
15	345
15	374
15	222
15	230
15	221
15	378
15	355
15	218
15	304
16	324
16	393
16	374
16	384
16	380
16	302
16	243
16	373
16	248
16	298
16	258
16	214
16	372
16	223
16	290
16	301
16	209
16	395
16	211
16	391
16	367
16	382
16	313
16	342
16	345
16	300
16	303
16	315
16	227
16	297
16	336
16	329
16	238
16	343
16	398
16	254
16	351
16	213
16	257
16	341
16	224
16	314
16	338
16	202
16	321
16	340
17	260
17	396
17	257
17	386
17	217
17	314
17	361
17	237
17	315
17	282
17	298
17	245
17	294
17	283
17	254
17	216
17	301
17	351
17	202
17	297
17	321
17	370
17	381
17	349
17	390
17	271
17	243
17	368
17	330
17	310
17	374
17	296
17	235
17	356
17	266
17	323
17	339
17	394
17	227
17	319
17	335
17	382
17	264
17	325
17	210
17	265
17	334
17	328
17	336
17	213
17	240
17	253
17	369
17	355
17	326
17	256
17	316
17	352
17	387
17	337
17	206
17	221
17	234
18	399
18	387
18	350
18	340
18	251
18	231
18	393
18	249
18	315
18	294
18	337
18	395
18	288
18	254
18	348
18	378
18	304
18	219
18	369
18	230
18	215
18	307
18	225
18	300
18	239
18	247
18	361
18	268
18	310
18	264
18	202
18	293
18	388
18	280
18	354
18	358
18	223
18	391
18	279
18	325
18	211
18	258
18	208
18	265
18	235
18	227
18	245
18	309
18	277
18	233
18	338
18	281
18	224
18	332
18	296
18	335
18	273
19	282
19	378
19	333
19	234
19	394
19	368
19	357
19	340
19	261
19	292
19	344
19	238
19	366
19	314
19	392
19	310
19	348
19	382
19	220
19	235
19	206
19	360
19	273
19	245
19	388
19	320
19	336
19	208
19	308
19	225
19	218
19	399
19	318
19	345
19	319
19	317
19	300
19	296
19	332
19	271
19	281
19	248
19	287
19	272
19	311
19	247
19	330
19	312
19	256
19	236
19	375
19	230
19	278
19	267
19	265
19	264
19	232
19	276
20	286
20	351
20	373
20	248
20	397
20	324
20	274
20	358
20	301
20	241
20	245
20	327
20	316
20	338
20	297
20	333
20	210
20	289
20	216
20	206
20	233
20	317
20	304
20	226
20	332
20	236
20	227
20	257
20	379
20	369
20	323
20	366
20	254
20	328
20	337
20	259
20	364
20	277
20	249
20	378
20	281
20	283
20	261
20	307
20	321
20	270
20	329
20	234
20	291
20	396
21	270
21	360
21	302
21	346
21	206
21	303
21	339
21	309
21	327
21	343
21	210
21	253
21	267
21	271
21	378
21	280
21	388
21	237
21	301
21	225
21	341
21	305
21	328
21	256
21	362
21	265
21	292
21	212
21	389
21	244
21	356
21	288
21	398
21	359
21	236
21	392
21	370
21	296
21	332
21	368
21	289
21	345
21	393
21	220
21	298
21	382
21	349
21	358
21	239
22	326
22	369
22	352
22	209
22	246
22	228
22	282
22	376
22	329
22	285
22	330
22	308
22	201
22	318
22	350
22	377
22	344
22	300
22	366
22	264
22	319
22	302
22	207
22	360
22	299
22	278
22	390
22	312
22	203
22	216
22	359
22	364
22	205
22	270
22	338
22	363
22	220
22	265
22	303
22	224
22	239
22	240
22	253
22	250
22	271
22	346
22	273
22	328
22	223
22	367
23	377
23	379
23	298
23	374
23	286
23	388
23	204
23	236
23	339
23	271
23	285
23	365
23	215
23	238
23	321
23	240
23	350
23	279
23	325
23	261
23	220
23	372
23	253
23	297
23	370
23	382
23	202
23	241
23	395
23	311
23	229
23	383
23	347
23	222
23	389
23	280
23	396
23	295
23	363
23	258
23	308
23	270
23	385
24	395
24	272
24	224
24	288
24	227
24	307
24	231
24	253
24	290
24	303
24	365
24	291
24	361
24	215
24	232
24	386
24	295
24	337
24	287
24	274
24	385
24	248
24	237
24	300
24	383
24	244
24	219
24	261
24	205
24	218
24	203
24	265
24	262
24	327
24	356
24	399
24	235
24	371
24	209
24	329
24	236
24	240
24	378
24	230
24	339
24	213
24	309
24	322
24	234
24	319
24	345
25	285
25	334
25	373
25	336
25	358
25	300
25	386
25	374
25	304
25	253
25	286
25	392
25	327
25	218
25	277
25	261
25	324
25	230
25	349
25	339
25	391
25	274
25	323
25	236
25	325
25	249
25	216
25	211
25	332
25	318
25	257
25	210
25	222
25	295
25	281
25	235
25	296
25	256
25	329
25	214
25	310
25	265
25	240
25	260
25	361
25	279
26	381
26	390
26	258
26	319
26	384
26	374
26	361
26	209
26	286
26	297
26	316
26	338
26	279
26	309
26	284
26	313
26	223
26	317
26	233
26	228
26	211
26	325
26	256
26	215
26	213
26	345
26	276
26	389
26	265
26	344
26	273
26	394
26	243
26	328
26	347
26	382
26	230
26	348
26	272
26	331
26	336
26	357
26	251
26	307
26	302
26	327
26	353
26	212
26	320
26	282
26	303
26	360
26	386
26	294
26	252
26	364
26	337
26	356
26	383
26	281
26	206
27	299
27	219
27	245
27	291
27	210
27	202
27	228
27	352
27	302
27	393
27	241
27	233
27	317
27	225
27	247
27	318
27	379
27	332
27	280
27	287
27	215
27	301
27	387
27	264
27	278
27	205
27	324
27	330
27	274
27	385
27	333
27	267
27	269
27	237
27	328
27	389
27	242
27	246
27	355
27	336
27	275
27	293
27	239
27	397
27	255
27	365
27	320
27	236
27	281
27	243
27	357
27	251
28	302
28	304
28	340
28	357
28	379
28	247
28	225
28	391
28	373
28	233
28	347
28	298
28	282
28	322
28	381
28	222
28	258
28	213
28	241
28	277
28	276
28	292
28	305
28	254
28	299
28	313
28	259
28	310
28	268
28	360
28	388
28	224
28	345
28	202
28	315
28	266
28	303
28	376
28	240
28	264
28	375
28	359
28	366
28	349
28	297
28	389
28	226
28	384
29	326
29	269
29	340
29	214
29	373
29	257
29	206
29	298
29	284
29	301
29	323
29	333
29	211
29	305
29	314
29	381
29	327
29	264
29	380
29	266
29	245
29	215
29	322
29	309
29	236
29	386
29	329
29	310
29	356
29	212
29	265
29	302
29	336
29	342
29	251
29	332
29	306
29	308
29	203
29	250
29	321
29	235
29	254
29	315
29	240
30	277
30	390
30	280
30	225
30	250
30	287
30	211
30	272
30	232
30	328
30	316
30	262
30	320
30	383
30	302
30	363
30	371
30	201
30	354
30	355
30	216
30	348
30	373
30	238
30	245
30	331
30	314
30	353
30	296
30	324
30	351
30	319
30	330
30	227
30	205
30	236
30	210
30	240
30	218
30	304
30	267
30	382
30	378
30	398
30	241
30	391
30	345
30	386
30	219
30	207
30	332
30	349
30	311
31	341
31	327
31	270
31	347
31	278
31	339
31	311
31	374
31	388
31	246
31	382
31	321
31	248
31	262
31	266
31	396
31	363
31	355
31	328
31	207
31	306
31	380
31	201
31	379
31	222
31	323
31	324
31	267
31	214
31	315
31	391
31	393
31	365
31	317
31	377
31	378
31	353
31	361
31	385
31	308
31	293
31	243
31	208
31	372
31	259
31	223
31	251
31	281
31	329
31	389
31	354
31	373
31	369
31	254
32	290
32	393
32	330
32	229
32	351
32	250
32	276
32	391
32	209
32	313
32	312
32	297
32	263
32	269
32	347
32	272
32	281
32	325
32	273
32	376
32	240
32	375
32	257
32	267
32	372
32	254
32	308
32	398
32	367
32	203
32	285
32	270
32	356
32	251
32	300
32	355
32	305
32	390
32	327
32	373
32	381
32	286
32	377
32	349
32	316
32	332
32	314
32	350
32	396
32	353
32	399
32	357
32	220
32	346
33	374
33	371
33	338
33	210
33	218
33	332
33	224
33	384
33	309
33	251
33	217
33	276
33	323
33	234
33	382
33	278
33	273
33	363
33	321
33	331
33	348
33	244
33	308
33	393
33	399
33	238
33	398
33	359
33	326
33	380
33	260
33	228
33	317
33	346
33	386
33	303
33	221
33	298
33	206
33	294
33	257
33	241
33	353
33	223
33	202
33	329
33	324
33	239
33	205
33	330
33	297
33	262
33	275
33	362
33	207
33	259
33	368
33	268
33	310
33	356
34	244
34	399
34	228
34	224
34	233
34	269
34	246
34	385
34	344
34	362
34	361
34	384
34	278
34	345
34	216
34	372
34	363
34	301
34	311
34	210
34	286
34	354
34	310
34	299
34	375
34	304
34	221
34	234
34	390
34	340
34	230
34	342
34	232
34	290
34	386
34	289
34	279
34	394
34	320
34	367
34	331
34	255
34	327
34	308
34	284
34	360
34	226
34	213
34	349
34	236
35	223
35	207
35	279
35	345
35	242
35	250
35	211
35	381
35	359
35	400
35	364
35	396
35	380
35	203
35	291
35	255
35	397
35	322
35	312
35	353
35	328
35	247
35	395
35	201
35	311
35	369
35	351
35	339
35	393
35	230
35	309
35	318
35	285
35	205
35	317
35	294
35	275
35	215
35	377
35	355
36	360
36	311
36	261
36	292
36	267
36	205
36	206
36	233
36	372
36	289
36	284
36	274
36	250
36	374
36	395
36	382
36	386
36	279
36	399
36	340
36	396
36	393
36	371
36	269
36	346
36	276
36	213
36	400
36	335
36	258
36	314
36	328
36	358
36	251
36	254
36	312
36	303
36	376
36	273
36	282
36	323
36	385
36	389
36	322
36	202
36	331
36	309
36	373
36	316
36	291
36	349
36	229
36	244
36	293
36	302
36	308
36	208
36	220
36	232
36	354
37	274
37	327
37	278
37	210
37	334
37	346
37	220
37	275
37	284
37	353
37	219
37	241
37	389
37	271
37	375
37	202
37	267
37	281
37	245
37	289
37	376
37	265
37	203
37	240
37	311
37	273
37	321
37	340
37	394
37	249
37	384
37	387
37	355
37	320
37	228
37	305
37	374
37	325
37	212
37	343
37	322
37	214
37	335
37	260
37	333
37	288
37	316
37	399
37	232
37	243
37	226
37	390
37	339
38	335
38	307
38	312
38	383
38	207
38	267
38	351
38	223
38	261
38	327
38	334
38	222
38	385
38	252
38	298
38	342
38	280
38	350
38	217
38	386
38	365
38	286
38	322
38	311
38	284
38	272
38	279
38	297
38	354
38	361
38	362
38	243
38	374
38	219
38	234
38	293
38	347
38	268
38	220
38	326
39	249
39	209
39	257
39	259
39	287
39	377
39	271
39	356
39	314
39	206
39	392
39	293
39	262
39	229
39	236
39	235
39	275
39	361
39	355
39	254
39	278
39	208
39	337
39	369
39	244
39	393
39	203
39	269
39	343
39	308
39	261
39	328
39	268
39	395
39	309
39	318
39	281
39	291
39	350
39	270
39	207
39	371
39	360
39	302
39	306
39	380
39	357
39	379
39	213
40	282
40	363
40	294
40	395
40	337
40	262
40	236
40	270
40	347
40	248
40	216
40	329
40	313
40	344
40	304
40	309
40	310
40	325
40	381
40	246
40	348
40	213
40	286
40	237
40	306
40	372
40	255
40	346
40	284
40	283
40	349
40	334
40	272
40	400
40	290
40	335
40	251
40	330
40	339
40	328
40	391
40	243
40	265
40	311
40	278
40	386
40	396
40	281
40	332
40	370
40	219
40	256
40	354
40	254
40	214
40	203
40	238
41	312
41	340
41	217
41	243
41	360
41	283
41	288
41	296
41	263
41	272
41	260
41	268
41	234
41	201
41	293
41	373
41	208
41	301
41	202
41	290
41	211
41	319
41	245
41	317
41	328
41	309
41	350
41	250
41	236
41	365
41	233
41	336
41	289
41	357
41	224
41	285
41	229
41	204
41	356
42	342
42	386
42	397
42	222
42	243
42	341
42	204
42	287
42	283
42	301
42	296
42	249
42	343
42	393
42	363
42	380
42	399
42	269
42	247
42	331
42	256
42	383
42	215
42	354
42	319
42	268
42	312
42	203
42	266
42	298
42	311
42	336
42	245
42	313
42	240
42	348
42	387
42	278
42	317
42	210
42	345
42	320
42	371
42	334
42	214
42	213
42	347
42	356
43	370
43	281
43	339
43	249
43	256
43	232
43	390
43	219
43	319
43	365
43	220
43	273
43	369
43	250
43	265
43	222
43	361
43	324
43	372
43	215
43	353
43	378
43	260
43	312
43	388
43	352
43	301
43	309
43	317
43	345
43	334
43	279
43	291
43	357
43	363
43	300
43	347
43	236
43	235
43	226
43	240
43	270
43	294
43	332
43	230
43	266
43	356
43	228
44	235
44	329
44	230
44	301
44	261
44	247
44	395
44	315
44	350
44	287
44	399
44	400
44	234
44	246
44	314
44	252
44	289
44	297
44	366
44	397
44	285
44	232
44	354
44	202
44	347
44	268
44	361
44	323
44	372
44	209
44	279
44	250
44	362
44	369
44	300
44	288
44	373
44	259
44	201
44	343
44	342
44	292
44	357
44	273
44	303
44	332
44	244
44	242
44	352
44	328
44	392
44	258
44	324
45	386
45	310
45	237
45	304
45	266
45	389
45	379
45	252
45	243
45	329
45	378
45	288
45	369
45	343
45	390
45	337
45	232
45	216
45	377
45	383
45	270
45	387
45	247
45	245
45	293
45	300
45	359
45	360
45	315
45	211
45	347
45	331
45	299
45	338
45	332
45	352
45	298
45	227
45	362
45	340
45	361
45	336
45	339
45	350
45	267
45	375
45	321
45	244
46	327
46	396
46	358
46	330
46	269
46	356
46	399
46	374
46	363
46	233
46	366
46	254
46	344
46	204
46	272
46	274
46	228
46	296
46	256
46	314
46	328
46	361
46	334
46	268
46	329
46	299
46	370
46	316
46	360
46	218
46	292
46	224
46	240
46	290
46	270
46	259
46	387
46	347
46	271
46	287
46	208
46	318
46	382
46	337
46	282
46	207
46	225
46	393
47	323
47	292
47	342
47	337
47	273
47	345
47	241
47	348
47	330
47	271
47	218
47	324
47	240
47	293
47	282
47	289
47	236
47	266
47	234
47	360
47	261
47	366
47	297
47	310
47	254
47	301
47	313
47	244
47	245
47	284
47	203
47	386
47	290
47	201
47	376
47	252
47	291
47	341
47	387
47	359
47	392
47	372
47	250
47	306
47	239
47	390
47	275
48	373
48	321
48	288
48	254
48	371
48	248
48	312
48	341
48	302
48	386
48	287
48	223
48	226
48	343
48	241
48	230
48	389
48	220
48	296
48	279
48	285
48	331
48	229
48	214
48	311
48	277
48	340
48	219
48	339
48	328
48	207
48	202
48	307
48	293
48	350
48	261
48	239
48	305
48	334
48	346
48	345
48	332
48	352
48	306
48	377
48	292
48	342
48	317
48	396
48	368
48	399
48	348
48	253
48	258
48	251
48	336
48	329
48	370
48	208
48	395
48	216
48	393
49	369
49	389
49	303
49	267
49	281
49	214
49	226
49	247
49	239
49	329
49	346
49	263
49	322
49	269
49	296
49	272
49	385
49	323
49	372
49	349
49	229
49	285
49	391
49	400
49	284
49	202
49	253
49	365
49	286
49	304
49	207
49	241
49	338
49	257
49	216
49	227
49	356
49	305
49	337
49	209
49	374
49	203
49	348
49	246
49	321
49	342
49	295
49	309
49	221
49	275
49	366
49	218
49	291
49	318
49	264
49	274
50	331
50	356
50	290
50	267
50	271
50	338
50	389
50	398
50	334
50	311
50	337
50	305
50	295
50	320
50	281
50	277
50	296
50	275
50	375
50	236
50	230
50	379
50	246
50	210
50	219
50	335
50	363
50	255
50	203
50	319
50	217
50	316
50	238
50	297
50	317
50	393
50	212
50	371
50	349
50	306
50	273
50	355
50	361
50	291
50	308
50	214
50	351
50	372
51	373
51	269
51	286
51	382
51	314
51	371
51	319
51	280
51	238
51	316
51	307
51	400
51	297
51	248
51	349
51	235
51	226
51	228
51	398
51	290
51	243
51	363
51	317
51	380
51	339
51	305
51	393
51	394
51	348
51	209
51	259
51	220
51	222
51	233
51	399
51	310
51	347
51	229
51	241
51	308
51	201
51	351
51	202
51	205
51	292
51	266
51	312
52	389
52	302
52	368
52	284
52	324
52	203
52	342
52	351
52	222
52	357
52	265
52	304
52	225
52	366
52	288
52	394
52	244
52	322
52	317
52	275
52	253
52	391
52	254
52	206
52	332
52	392
52	232
52	245
52	355
52	270
52	344
52	268
52	330
52	213
52	326
52	299
52	250
52	221
52	266
52	292
52	296
52	375
52	273
52	233
52	333
52	353
52	216
52	346
52	217
52	380
52	218
52	301
52	303
53	263
53	332
53	370
53	308
53	226
53	248
53	319
53	259
53	290
53	232
53	388
53	377
53	389
53	253
53	244
53	386
53	323
53	274
53	305
53	391
53	312
53	367
53	222
53	380
53	313
53	400
53	256
53	393
53	219
53	206
53	330
53	310
53	294
53	328
53	257
53	202
53	266
53	381
53	214
53	397
53	349
53	303
53	369
53	213
53	229
53	233
53	241
53	218
53	204
53	277
53	322
53	284
53	293
53	242
54	277
54	312
54	300
54	252
54	347
54	209
54	356
54	375
54	255
54	260
54	228
54	306
54	238
54	367
54	218
54	350
54	385
54	307
54	235
54	276
54	245
54	365
54	377
54	223
54	321
54	284
54	280
54	392
54	333
54	324
54	379
54	336
54	310
54	263
54	248
54	270
54	266
54	308
54	370
54	309
54	355
54	357
54	217
54	294
54	363
54	397
55	327
55	343
55	350
55	335
55	235
55	390
55	225
55	281
55	381
55	330
55	312
55	282
55	211
55	391
55	363
55	276
55	386
55	354
55	344
55	210
55	302
55	234
55	286
55	257
55	377
55	285
55	291
55	217
55	216
55	366
55	205
55	268
55	337
55	292
55	321
55	316
55	378
55	326
55	215
55	204
55	222
55	238
55	303
55	319
55	228
55	352
55	351
55	203
55	263
55	382
55	308
55	331
55	227
55	274
55	323
55	271
55	262
55	280
55	387
55	317
55	334
55	246
56	391
56	316
56	250
56	201
56	353
56	310
56	336
56	329
56	221
56	246
56	208
56	270
56	332
56	334
56	294
56	397
56	302
56	211
56	286
56	307
56	272
56	283
56	325
56	347
56	263
56	323
56	395
56	351
56	388
56	361
56	326
56	274
56	225
56	363
56	215
56	237
56	389
56	344
56	293
56	264
56	386
56	269
56	266
56	398
56	249
56	345
56	330
56	226
56	223
56	234
56	327
57	270
57	209
57	251
57	227
57	245
57	230
57	265
57	317
57	344
57	389
57	290
57	356
57	262
57	220
57	261
57	294
57	243
57	382
57	322
57	280
57	348
57	380
57	239
57	311
57	272
57	213
57	233
57	325
57	312
57	364
57	339
57	298
57	276
57	314
57	249
57	398
57	232
57	376
57	299
57	385
57	297
57	208
57	381
57	216
57	302
57	238
57	210
57	321
57	308
57	370
57	340
57	260
57	341
58	274
58	327
58	242
58	319
58	246
58	389
58	332
58	305
58	311
58	281
58	320
58	297
58	304
58	213
58	322
58	352
58	393
58	353
58	214
58	215
58	233
58	216
58	318
58	203
58	300
58	270
58	358
58	342
58	218
58	337
58	335
58	223
58	263
58	400
58	399
58	247
58	395
58	295
58	250
58	312
58	384
58	366
58	341
58	291
58	331
58	209
58	380
58	360
58	379
59	291
59	310
59	320
59	233
59	318
59	329
59	271
59	313
59	317
59	254
59	239
59	365
59	278
59	356
59	252
59	275
59	234
59	244
59	212
59	256
59	235
59	250
59	215
59	247
59	397
59	208
59	351
59	358
59	391
59	270
59	354
59	341
59	339
59	205
59	285
59	327
59	363
59	368
59	378
59	218
59	321
59	347
59	394
59	224
59	216
59	262
60	266
60	297
60	229
60	248
60	206
60	331
60	377
60	308
60	356
60	368
60	380
60	286
60	223
60	250
60	272
60	292
60	387
60	379
60	225
60	337
60	254
60	231
60	359
60	205
60	249
60	383
60	202
60	236
60	233
60	339
60	312
60	261
60	341
60	234
60	330
60	371
60	276
60	300
60	375
60	278
60	373
60	327
60	244
61	221
61	207
61	399
61	273
61	263
61	228
61	274
61	279
61	381
61	227
61	260
61	297
61	394
61	385
61	246
61	270
61	285
61	292
61	354
61	343
61	301
61	211
61	296
61	271
61	252
61	344
61	361
61	206
61	293
61	363
61	319
61	316
61	253
61	370
61	294
61	241
61	372
61	384
61	389
61	290
61	215
62	219
62	334
62	328
62	208
62	353
62	272
62	244
62	392
62	214
62	245
62	311
62	354
62	349
62	305
62	280
62	250
62	320
62	344
62	329
62	331
62	291
62	296
62	390
62	239
62	365
62	247
62	393
62	308
62	379
62	251
62	384
62	381
62	388
62	369
62	373
62	339
62	218
62	231
62	318
62	207
62	281
62	273
62	293
62	374
62	395
62	225
62	357
62	242
62	327
62	294
62	283
62	224
62	341
63	202
63	215
63	319
63	232
63	238
63	393
63	312
63	353
63	272
63	241
63	288
63	357
63	306
63	266
63	395
63	216
63	201
63	394
63	282
63	356
63	239
63	390
63	253
63	255
63	320
63	322
63	361
63	258
63	398
63	359
63	370
63	217
63	376
63	244
63	228
63	271
63	226
63	396
63	335
63	332
63	290
63	400
63	323
63	269
63	261
63	208
63	377
63	383
63	277
63	340
63	326
63	297
63	204
63	220
63	267
63	270
64	240
64	374
64	259
64	295
64	303
64	326
64	248
64	222
64	306
64	379
64	237
64	363
64	391
64	316
64	267
64	292
64	280
64	214
64	317
64	368
64	347
64	223
64	388
64	266
64	319
64	221
64	308
64	235
64	218
64	328
64	203
64	359
64	372
64	210
64	277
64	345
64	355
64	219
64	278
64	364
64	332
64	351
64	331
64	273
64	339
64	340
64	254
64	239
64	344
64	241
64	296
64	258
64	207
64	274
65	204
65	396
65	270
65	370
65	216
65	311
65	364
65	367
65	394
65	205
65	378
65	329
65	321
65	384
65	345
65	333
65	343
65	265
65	224
65	246
65	201
65	393
65	276
65	328
65	398
65	382
65	226
65	400
65	383
65	325
65	283
65	319
65	240
65	266
65	222
65	286
65	219
65	293
65	243
65	353
65	221
65	207
65	227
65	391
65	337
65	331
66	398
66	339
66	247
66	324
66	370
66	400
66	342
66	389
66	275
66	388
66	393
66	263
66	254
66	239
66	264
66	280
66	258
66	243
66	302
66	276
66	267
66	260
66	376
66	289
66	380
66	323
66	332
66	207
66	235
66	343
66	240
66	379
66	226
66	209
66	318
66	353
66	387
66	293
66	265
66	366
66	222
66	364
66	367
66	333
66	273
66	338
66	212
66	322
66	282
66	261
66	307
67	345
67	335
67	250
67	390
67	280
67	388
67	235
67	216
67	354
67	269
67	397
67	379
67	372
67	363
67	367
67	375
67	251
67	369
67	266
67	385
67	248
67	313
67	374
67	314
67	273
67	332
67	400
67	294
67	330
67	334
67	324
67	339
67	359
67	309
67	272
67	328
67	296
67	322
67	214
68	367
68	255
68	212
68	249
68	329
68	364
68	262
68	301
68	304
68	210
68	236
68	394
68	213
68	294
68	359
68	378
68	223
68	362
68	346
68	214
68	371
68	222
68	322
68	209
68	221
68	267
68	377
68	274
68	247
68	265
68	240
68	275
68	270
68	328
68	292
68	355
68	351
68	298
68	336
68	393
68	400
68	354
68	334
68	380
68	219
69	347
69	340
69	244
69	398
69	243
69	231
69	334
69	356
69	248
69	321
69	345
69	270
69	367
69	230
69	288
69	392
69	265
69	330
69	260
69	385
69	349
69	390
69	365
69	204
69	206
69	310
69	234
69	395
69	274
69	393
69	227
69	348
69	238
69	388
69	352
69	210
69	205
69	276
69	351
69	255
69	250
69	328
69	211
69	355
69	324
69	202
69	292
69	232
69	242
69	359
69	280
69	326
69	384
69	380
69	363
69	221
70	395
70	216
70	309
70	323
70	351
70	324
70	288
70	398
70	270
70	396
70	285
70	256
70	260
70	221
70	348
70	327
70	241
70	362
70	393
70	275
70	338
70	394
70	239
70	307
70	230
70	228
70	380
70	368
70	255
70	237
70	302
70	250
70	218
70	363
70	325
70	299
70	391
70	386
70	277
70	271
70	286
70	209
70	238
70	297
70	388
70	282
70	370
70	374
70	224
70	214
70	211
70	318
70	279
70	242
70	274
70	331
71	205
71	313
71	239
71	285
71	351
71	267
71	259
71	370
71	340
71	342
71	364
71	312
71	257
71	274
71	343
71	224
71	349
71	383
71	298
71	235
71	213
71	269
71	264
71	295
71	237
71	249
71	201
71	218
71	392
71	222
71	278
71	374
71	233
71	244
71	215
71	232
71	216
71	335
71	397
71	206
71	391
71	311
71	223
71	303
71	277
71	229
71	241
71	251
72	345
72	313
72	361
72	247
72	214
72	339
72	331
72	277
72	333
72	363
72	230
72	350
72	377
72	358
72	383
72	288
72	348
72	384
72	226
72	353
72	397
72	342
72	314
72	218
72	253
72	324
72	321
72	385
72	309
72	322
72	351
72	301
72	317
72	368
72	391
72	290
72	208
72	344
72	224
72	274
72	283
72	306
72	338
72	244
72	262
72	267
72	400
72	261
72	279
72	296
72	307
72	398
72	280
72	263
73	230
73	365
73	267
73	280
73	325
73	389
73	234
73	209
73	286
73	274
73	206
73	346
73	284
73	359
73	273
73	322
73	281
73	303
73	250
73	248
73	276
73	279
73	212
73	321
73	302
73	301
73	304
73	380
73	318
73	312
73	335
73	331
73	231
73	383
73	314
73	400
73	377
73	228
73	271
73	238
73	264
73	277
73	395
73	327
73	376
73	224
73	357
73	207
73	340
73	355
74	220
74	357
74	231
74	283
74	223
74	371
74	313
74	245
74	289
74	363
74	365
74	339
74	360
74	338
74	397
74	304
74	219
74	294
74	209
74	343
74	269
74	361
74	375
74	329
74	222
74	323
74	240
74	217
74	247
74	296
74	388
74	242
74	256
74	335
74	317
74	325
74	225
74	353
74	333
74	387
74	330
74	226
74	311
74	205
74	356
74	261
74	233
74	381
74	228
74	250
74	255
74	280
75	224
75	218
75	361
75	388
75	399
75	253
75	273
75	318
75	252
75	315
75	262
75	241
75	221
75	249
75	387
75	250
75	393
75	389
75	209
75	355
75	203
75	376
75	259
75	258
75	352
75	217
75	321
75	358
75	395
75	201
75	243
75	205
75	265
75	336
75	307
75	386
75	228
75	313
75	400
75	268
75	235
75	223
75	371
75	369
75	280
75	373
75	251
75	333
75	339
75	256
75	302
76	377
76	266
76	240
76	321
76	263
76	314
76	352
76	298
76	399
76	247
76	250
76	312
76	219
76	211
76	337
76	325
76	226
76	279
76	320
76	232
76	274
76	260
76	373
76	284
76	286
76	214
76	326
76	397
76	343
76	351
76	231
76	340
76	291
76	257
76	252
76	207
76	361
76	362
76	229
76	264
76	203
76	242
76	365
76	318
76	237
76	319
76	383
76	350
76	236
77	280
77	314
77	227
77	346
77	257
77	287
77	387
77	399
77	388
77	263
77	310
77	224
77	201
77	289
77	329
77	375
77	268
77	338
77	281
77	269
77	358
77	207
77	328
77	249
77	203
77	296
77	312
77	333
77	279
77	278
77	259
77	325
77	282
77	235
77	285
77	299
77	270
77	339
77	366
77	321
77	233
77	298
77	290
77	316
77	213
77	342
77	232
77	361
77	229
77	228
77	364
77	255
77	256
77	275
77	252
77	209
77	357
77	211
77	351
77	348
77	260
77	319
78	385
78	263
78	246
78	351
78	308
78	299
78	235
78	217
78	345
78	216
78	242
78	296
78	327
78	279
78	233
78	302
78	230
78	289
78	208
78	214
78	271
78	374
78	228
78	282
78	313
78	285
78	331
78	288
78	219
78	328
78	264
78	319
78	236
78	360
78	354
78	353
78	318
78	243
78	352
78	210
78	335
78	326
78	317
78	394
78	337
78	370
78	204
78	254
79	203
79	307
79	290
79	362
79	236
79	387
79	322
79	209
79	265
79	261
79	304
79	249
79	255
79	382
79	344
79	378
79	361
79	392
79	291
79	309
79	381
79	294
79	327
79	227
79	331
79	224
79	374
79	216
79	389
79	262
79	252
79	273
79	230
79	282
79	246
79	271
79	272
79	341
79	235
79	232
79	245
79	384
79	347
79	315
79	318
79	275
79	393
79	233
79	270
79	267
79	258
79	279
79	368
79	379
79	317
80	384
80	250
80	260
80	323
80	240
80	365
80	376
80	353
80	298
80	303
80	284
80	271
80	304
80	372
80	218
80	300
80	346
80	388
80	282
80	261
80	291
80	265
80	305
80	343
80	382
80	316
80	229
80	380
80	336
80	354
80	243
80	395
80	398
80	320
80	207
80	227
80	302
80	213
80	262
80	400
80	319
80	295
80	355
80	311
80	352
80	246
80	310
80	289
80	224
80	369
81	258
81	222
81	273
81	227
81	320
81	355
81	290
81	319
81	299
81	219
81	374
81	230
81	345
81	276
81	257
81	280
81	279
81	232
81	397
81	205
81	362
81	243
81	333
81	388
81	275
81	291
81	377
81	383
81	375
81	327
81	241
81	348
81	398
81	269
81	220
81	400
81	212
81	308
81	334
81	380
81	336
81	303
81	259
81	302
81	240
81	372
81	341
82	214
82	229
82	354
82	298
82	285
82	322
82	342
82	397
82	337
82	316
82	254
82	363
82	276
82	268
82	365
82	394
82	319
82	367
82	362
82	327
82	341
82	297
82	273
82	348
82	392
82	314
82	370
82	345
82	215
82	260
82	390
82	306
82	242
82	398
82	360
82	248
82	357
82	270
82	230
82	336
82	366
82	358
82	232
82	388
82	400
82	262
82	265
82	294
82	313
82	207
82	292
82	255
82	308
83	258
83	398
83	299
83	366
83	294
83	365
83	233
83	286
83	266
83	343
83	207
83	306
83	210
83	248
83	360
83	284
83	225
83	357
83	310
83	212
83	381
83	351
83	247
83	319
83	369
83	378
83	227
83	347
83	300
83	208
83	235
83	353
83	305
83	256
83	204
83	335
83	355
83	331
83	302
83	214
83	276
83	261
83	216
83	280
83	265
83	314
83	315
83	264
83	282
83	330
83	238
84	396
84	257
84	354
84	307
84	365
84	279
84	206
84	266
84	323
84	273
84	320
84	234
84	226
84	368
84	364
84	203
84	389
84	346
84	310
84	243
84	296
84	220
84	205
84	276
84	339
84	247
84	264
84	260
84	251
84	282
84	245
84	235
84	255
84	362
84	375
84	207
84	253
84	237
84	305
84	314
84	330
84	377
84	228
84	357
84	256
84	322
84	241
84	294
84	292
84	340
84	284
84	222
85	359
85	295
85	226
85	367
85	340
85	269
85	330
85	210
85	374
85	373
85	344
85	370
85	272
85	364
85	301
85	356
85	400
85	259
85	360
85	277
85	250
85	227
85	247
85	223
85	232
85	203
85	240
85	318
85	391
85	365
85	255
85	286
85	224
85	381
85	221
85	375
85	273
85	336
85	382
85	244
85	281
85	325
85	265
85	287
85	246
85	204
85	338
85	307
85	294
85	202
85	267
85	378
85	208
85	353
85	399
86	300
86	225
86	256
86	269
86	290
86	356
86	373
86	398
86	317
86	341
86	280
86	234
86	227
86	255
86	298
86	222
86	204
86	367
86	329
86	307
86	273
86	366
86	260
86	303
86	304
86	319
86	384
86	252
86	292
86	283
86	354
86	301
86	321
86	395
86	357
86	391
86	257
86	381
86	250
86	249
86	332
86	322
86	226
86	274
86	230
86	246
86	394
86	371
86	396
86	316
86	202
87	313
87	399
87	337
87	397
87	213
87	315
87	318
87	323
87	254
87	387
87	331
87	329
87	216
87	395
87	209
87	361
87	243
87	286
87	381
87	264
87	398
87	289
87	207
87	321
87	224
87	293
87	262
87	256
87	220
87	304
87	389
87	296
87	332
87	370
87	204
87	354
87	260
87	235
87	273
87	211
87	360
87	251
87	297
87	288
87	400
87	283
87	343
87	284
87	221
87	252
87	287
87	367
87	203
87	217
88	306
88	260
88	215
88	296
88	362
88	244
88	321
88	353
88	294
88	282
88	338
88	249
88	210
88	356
88	250
88	328
88	346
88	325
88	218
88	378
88	363
88	305
88	355
88	231
88	274
88	308
88	311
88	400
88	340
88	293
88	385
88	220
88	391
88	371
88	280
88	384
88	230
88	259
88	334
88	228
88	241
88	269
88	273
88	359
88	393
88	268
88	267
88	206
88	377
88	307
89	392
89	294
89	258
89	374
89	338
89	209
89	257
89	308
89	316
89	325
89	333
89	278
89	221
89	327
89	226
89	351
89	212
89	271
89	229
89	343
89	396
89	311
89	298
89	362
89	228
89	267
89	385
89	270
89	305
89	207
89	302
89	395
89	210
89	224
89	367
89	285
89	292
89	290
89	202
89	222
89	341
89	387
89	384
89	203
89	297
89	260
89	217
89	283
89	269
89	205
89	383
89	261
89	391
89	286
89	326
89	380
89	232
89	393
90	235
90	285
90	243
90	399
90	357
90	386
90	351
90	271
90	373
90	293
90	335
90	321
90	279
90	320
90	205
90	390
90	342
90	323
90	379
90	345
90	333
90	397
90	398
90	366
90	360
90	231
90	313
90	215
90	269
90	371
90	311
90	247
90	242
90	381
90	346
90	278
90	206
90	241
90	338
90	230
90	354
90	329
90	266
90	302
90	228
90	253
90	219
90	350
90	264
90	389
90	217
90	287
90	291
90	272
90	368
91	314
91	362
91	247
91	305
91	326
91	260
91	275
91	330
91	227
91	334
91	372
91	226
91	354
91	384
91	315
91	352
91	379
91	327
91	213
91	222
91	353
91	337
91	321
91	258
91	381
91	329
91	359
91	397
91	238
91	229
91	296
91	297
91	325
91	385
91	286
91	246
91	376
91	356
91	383
91	357
91	274
91	205
91	273
91	211
91	216
92	374
92	384
92	241
92	320
92	290
92	250
92	248
92	228
92	307
92	304
92	292
92	229
92	388
92	277
92	331
92	216
92	234
92	218
92	226
92	302
92	212
92	269
92	314
92	376
92	355
92	351
92	327
92	254
92	361
92	342
92	259
92	220
92	236
92	245
92	394
92	350
92	322
92	352
92	288
92	238
92	280
92	311
92	287
92	230
92	271
92	346
92	308
92	235
93	298
93	247
93	264
93	348
93	354
93	276
93	315
93	255
93	283
93	304
93	242
93	211
93	263
93	297
93	232
93	273
93	300
93	201
93	220
93	277
93	303
93	285
93	289
93	294
93	206
93	378
93	312
93	367
93	307
93	369
93	280
93	344
93	269
93	221
93	222
93	365
93	216
93	341
93	229
93	223
93	213
93	302
93	330
93	225
93	322
93	400
93	240
93	250
93	259
93	362
93	345
93	275
93	236
93	364
93	353
93	374
93	325
93	274
94	275
94	369
94	388
94	299
94	252
94	234
94	374
94	260
94	201
94	394
94	286
94	231
94	292
94	226
94	336
94	311
94	335
94	371
94	302
94	365
94	202
94	239
94	306
94	235
94	303
94	398
94	289
94	329
94	297
94	264
94	276
94	317
94	390
94	241
94	391
94	343
94	313
94	375
94	255
94	342
94	204
94	249
94	258
94	362
94	281
94	316
94	247
95	240
95	378
95	379
95	250
95	232
95	279
95	285
95	368
95	311
95	212
95	337
95	291
95	286
95	349
95	336
95	248
95	289
95	297
95	295
95	216
95	356
95	323
95	224
95	287
95	338
95	245
95	318
95	302
95	254
95	256
95	278
95	321
95	365
95	236
95	367
95	203
95	374
95	362
95	339
95	330
95	303
95	266
95	389
95	288
96	278
96	294
96	289
96	331
96	290
96	276
96	253
96	353
96	202
96	279
96	252
96	229
96	398
96	300
96	364
96	271
96	299
96	296
96	215
96	258
96	381
96	233
96	368
96	255
96	248
96	267
96	259
96	372
96	250
96	321
96	312
96	352
96	351
96	293
96	376
96	269
96	309
96	389
96	384
96	348
96	320
96	266
96	245
96	396
96	355
96	231
96	262
96	357
96	234
96	277
96	261
96	213
96	303
96	243
96	327
96	288
96	349
96	265
97	400
97	303
97	388
97	347
97	323
97	291
97	394
97	246
97	363
97	333
97	384
97	298
97	287
97	274
97	277
97	354
97	342
97	320
97	294
97	306
97	219
97	351
97	280
97	326
97	372
97	272
97	301
97	387
97	256
97	250
97	381
97	332
97	365
97	236
97	273
97	204
97	261
97	229
97	212
97	324
97	302
97	239
97	288
97	253
97	328
97	321
97	366
97	244
97	266
97	340
97	205
97	215
98	308
98	261
98	342
98	330
98	202
98	208
98	244
98	373
98	350
98	256
98	286
98	305
98	230
98	231
98	328
98	343
98	206
98	355
98	238
98	396
98	236
98	365
98	306
98	300
98	267
98	270
98	290
98	280
98	269
98	257
98	334
98	323
98	245
98	395
98	232
98	391
98	327
98	283
98	234
98	226
98	279
98	299
98	284
98	351
98	363
98	352
98	275
98	346
98	211
98	387
98	382
98	248
98	281
98	360
98	389
98	366
98	372
98	229
99	260
99	253
99	207
99	218
99	348
99	310
99	325
99	344
99	388
99	224
99	383
99	202
99	242
99	342
99	250
99	279
99	222
99	300
99	225
99	262
99	208
99	219
99	246
99	290
99	397
99	301
99	350
99	356
99	329
99	211
99	353
99	306
99	308
99	223
99	288
99	285
99	355
99	377
99	391
99	258
99	302
99	249
99	238
99	270
99	227
99	339
99	295
99	385
99	372
99	203
99	396
99	323
100	209
100	363
100	281
100	346
100	350
100	296
100	217
100	344
100	279
100	221
100	399
100	336
100	242
100	222
100	317
100	390
100	343
100	325
100	395
100	206
100	225
100	353
100	263
100	347
100	326
100	359
100	289
100	256
100	355
100	261
100	345
100	232
100	264
100	371
100	357
100	231
100	332
100	282
100	230
100	229
100	373
100	335
100	323
100	392
100	290
100	211
100	244
100	341
100	283
100	331
100	245
100	272
100	241
100	376
100	338
100	236
100	216
100	294
100	370
100	210
100	382
101	219
101	399
101	325
101	218
101	203
101	382
101	380
101	243
101	251
101	334
101	246
101	317
101	267
101	228
101	263
101	355
101	202
101	327
101	361
101	323
101	237
101	354
101	287
101	221
101	368
101	274
101	223
101	359
101	379
101	235
101	362
101	208
101	265
101	324
101	307
101	285
101	387
101	259
101	227
101	306
101	381
101	252
101	353
101	318
101	304
101	313
101	329
101	340
101	347
101	256
102	373
102	254
102	203
102	296
102	235
102	251
102	365
102	227
102	264
102	377
102	359
102	300
102	380
102	313
102	207
102	303
102	337
102	324
102	336
102	238
102	206
102	343
102	320
102	367
102	323
102	279
102	400
102	260
102	391
102	288
102	302
102	362
102	241
102	309
102	331
102	224
102	369
102	314
102	267
102	330
102	284
102	261
102	256
102	353
102	269
102	355
102	275
102	386
102	379
102	289
102	374
102	305
102	315
102	285
102	316
102	321
102	249
103	242
103	321
103	225
103	271
103	391
103	369
103	299
103	222
103	286
103	279
103	249
103	295
103	255
103	252
103	322
103	334
103	384
103	208
103	243
103	214
103	324
103	258
103	367
103	326
103	370
103	206
103	228
103	241
103	287
103	349
103	250
103	375
103	345
103	361
103	230
103	266
103	318
103	235
103	207
103	281
103	282
103	358
103	305
103	290
103	309
103	331
103	342
103	301
103	267
103	204
103	348
103	293
103	220
104	393
104	397
104	269
104	224
104	340
104	355
104	214
104	321
104	254
104	363
104	266
104	213
104	219
104	362
104	217
104	302
104	320
104	251
104	235
104	253
104	202
104	287
104	245
104	294
104	316
104	330
104	345
104	205
104	239
104	223
104	204
104	377
104	218
104	237
104	305
104	272
104	289
104	215
104	225
104	367
104	378
104	268
104	351
104	281
104	327
104	344
104	356
104	201
105	225
105	302
105	376
105	298
105	230
105	254
105	316
105	358
105	338
105	292
105	373
105	379
105	219
105	378
105	327
105	236
105	341
105	233
105	260
105	227
105	339
105	299
105	210
105	201
105	282
105	350
105	352
105	318
105	277
105	294
105	269
105	235
105	288
105	400
105	268
105	303
105	241
105	324
105	239
105	305
105	307
105	335
105	242
105	300
105	389
105	212
105	320
105	387
105	249
105	226
105	211
105	342
105	310
105	368
105	266
105	228
105	278
105	264
105	221
105	349
105	308
105	248
105	270
105	372
105	279
105	388
105	371
105	271
105	281
105	203
105	204
105	385
106	263
106	371
106	201
106	385
106	356
106	376
106	345
106	243
106	398
106	234
106	386
106	394
106	380
106	233
106	227
106	325
106	278
106	248
106	375
106	288
106	298
106	205
106	241
106	219
106	323
106	208
106	312
106	359
106	328
106	363
106	319
106	259
106	284
106	254
106	347
106	252
106	253
106	301
106	268
106	314
106	210
106	368
106	228
106	222
106	223
106	400
106	279
106	204
106	393
106	329
106	311
106	336
106	245
106	334
107	220
107	275
107	302
107	272
107	252
107	204
107	363
107	371
107	236
107	308
107	211
107	320
107	299
107	390
107	231
107	345
107	307
107	245
107	316
107	253
107	223
107	269
107	288
107	228
107	391
107	387
107	342
107	354
107	339
107	248
107	352
107	202
107	313
107	353
107	380
107	370
107	219
107	279
107	276
107	268
107	349
107	210
107	265
107	364
107	376
107	328
107	270
108	379
108	384
108	275
108	254
108	256
108	337
108	240
108	357
108	317
108	273
108	309
108	368
108	325
108	252
108	257
108	373
108	229
108	286
108	332
108	285
108	381
108	255
108	295
108	213
108	274
108	343
108	342
108	265
108	232
108	307
108	328
108	270
108	351
108	327
108	222
108	249
108	220
108	326
108	299
108	215
108	225
108	242
108	205
108	248
108	231
108	284
108	382
108	279
109	333
109	303
109	369
109	396
109	377
109	332
109	362
109	382
109	229
109	277
109	311
109	226
109	375
109	308
109	293
109	238
109	341
109	318
109	232
109	207
109	299
109	234
109	261
109	379
109	272
109	235
109	306
109	354
109	312
109	258
109	343
109	202
109	283
109	255
109	390
109	221
109	344
109	206
109	209
109	249
109	394
109	280
109	220
109	266
109	363
109	301
109	310
109	216
110	327
110	325
110	354
110	213
110	385
110	375
110	383
110	392
110	226
110	292
110	269
110	257
110	397
110	240
110	218
110	335
110	370
110	309
110	209
110	212
110	293
110	398
110	236
110	229
110	208
110	301
110	230
110	399
110	312
110	369
110	295
110	391
110	350
110	298
110	264
110	356
110	318
110	279
110	387
110	222
110	342
110	256
110	254
110	203
110	337
110	365
110	376
110	352
110	265
111	251
111	226
111	360
111	399
111	296
111	249
111	299
111	267
111	311
111	219
111	334
111	292
111	397
111	220
111	252
111	279
111	363
111	295
111	236
111	380
111	328
111	371
111	335
111	321
111	386
111	400
111	370
111	260
111	318
111	351
111	324
111	231
111	269
111	393
111	384
111	202
111	375
111	304
111	309
111	366
112	396
112	315
112	214
112	298
112	347
112	335
112	296
112	365
112	349
112	309
112	326
112	205
112	208
112	321
112	294
112	337
112	260
112	233
112	398
112	350
112	263
112	295
112	343
112	219
112	348
112	207
112	253
112	301
112	235
112	216
112	358
112	291
112	312
112	373
112	368
112	329
112	287
112	334
112	231
112	288
112	389
112	224
112	374
112	379
112	324
112	339
112	258
112	392
112	237
112	242
112	362
112	385
112	283
112	270
112	236
112	327
113	224
113	321
113	229
113	244
113	375
113	249
113	203
113	294
113	296
113	276
113	399
113	374
113	257
113	217
113	348
113	261
113	335
113	344
113	331
113	206
113	252
113	241
113	373
113	326
113	225
113	345
113	290
113	240
113	361
113	247
113	364
113	207
113	317
113	237
113	212
113	380
113	396
113	228
113	304
113	365
113	286
113	292
113	354
113	387
113	334
113	263
113	391
113	307
113	215
113	332
113	220
113	270
113	201
113	291
113	316
114	211
114	351
114	269
114	287
114	381
114	350
114	384
114	348
114	291
114	273
114	310
114	230
114	339
114	277
114	334
114	218
114	245
114	288
114	308
114	290
114	213
114	307
114	386
114	280
114	393
114	371
114	394
114	252
114	375
114	261
114	349
114	248
114	238
114	398
114	279
114	313
114	231
114	303
114	237
114	295
114	203
114	358
114	205
114	306
114	345
114	242
114	246
114	359
114	302
114	396
114	312
115	274
115	398
115	281
115	328
115	254
115	263
115	211
115	360
115	251
115	338
115	284
115	308
115	243
115	348
115	352
115	327
115	264
115	370
115	244
115	336
115	276
115	201
115	282
115	295
115	312
115	349
115	225
115	324
115	246
115	315
115	317
115	339
115	380
115	299
115	323
115	378
115	267
115	331
115	396
115	334
115	268
115	389
115	306
115	309
115	286
115	210
115	232
115	292
115	390
116	314
116	336
116	277
116	232
116	264
116	203
116	323
116	254
116	325
116	395
116	292
116	354
116	241
116	299
116	311
116	226
116	236
116	377
116	366
116	342
116	273
116	291
116	281
116	244
116	324
116	229
116	215
116	297
116	279
116	296
116	286
116	294
116	304
116	218
116	393
116	233
116	371
116	209
116	334
116	278
116	349
116	204
117	253
117	316
117	372
117	395
117	354
117	390
117	311
117	267
117	320
117	236
117	341
117	358
117	353
117	201
117	352
117	228
117	284
117	229
117	400
117	377
117	356
117	305
117	252
117	272
117	339
117	347
117	269
117	210
117	370
117	330
117	338
117	365
117	231
117	396
117	250
117	349
117	397
117	264
117	237
117	209
117	260
118	283
118	202
118	224
118	336
118	373
118	261
118	380
118	227
118	259
118	360
118	385
118	287
118	395
118	366
118	269
118	282
118	284
118	254
118	379
118	347
118	319
118	258
118	256
118	334
118	315
118	394
118	266
118	398
118	370
118	205
118	369
118	305
118	211
118	235
118	233
118	326
118	208
118	352
118	277
118	400
118	255
118	213
118	281
118	337
118	363
118	356
118	342
118	231
118	223
118	257
119	234
119	240
119	388
119	284
119	332
119	342
119	256
119	331
119	297
119	301
119	230
119	214
119	217
119	264
119	244
119	303
119	357
119	211
119	229
119	312
119	242
119	321
119	203
119	390
119	227
119	249
119	329
119	228
119	293
119	371
119	380
119	290
119	344
119	334
119	277
119	216
119	243
119	377
119	349
119	399
119	328
119	212
119	291
119	295
119	311
119	280
119	210
119	247
119	325
119	378
119	337
119	309
119	393
119	220
120	233
120	317
120	220
120	328
120	371
120	340
120	223
120	338
120	347
120	351
120	336
120	321
120	380
120	375
120	370
120	282
120	230
120	237
120	315
120	210
120	207
120	332
120	396
120	246
120	298
120	248
120	215
120	333
120	341
120	274
120	305
120	363
120	279
120	276
120	275
120	339
120	213
120	288
120	394
120	400
120	284
120	355
120	300
120	250
120	387
120	367
120	358
120	240
120	306
120	232
120	236
120	257
120	205
120	398
120	346
120	222
121	223
121	245
121	214
121	240
121	296
121	281
121	260
121	205
121	375
121	225
121	359
121	291
121	294
121	372
121	269
121	330
121	227
121	206
121	247
121	345
121	324
121	337
121	297
121	282
121	331
121	328
121	278
121	210
121	356
121	320
121	248
121	357
121	332
121	246
121	376
121	301
121	334
121	237
121	393
121	317
121	398
121	263
121	242
121	369
121	321
121	367
121	288
121	217
121	222
121	256
122	229
122	262
122	332
122	379
122	273
122	207
122	283
122	237
122	284
122	206
122	306
122	226
122	338
122	209
122	399
122	374
122	264
122	302
122	232
122	376
122	331
122	221
122	225
122	392
122	239
122	330
122	218
122	385
122	322
122	359
122	278
122	280
122	377
122	300
122	346
122	242
122	253
122	233
122	245
122	277
122	274
122	256
122	362
122	344
122	254
122	258
122	268
122	364
122	259
122	204
122	208
122	352
123	214
123	315
123	348
123	228
123	284
123	292
123	266
123	229
123	380
123	247
123	400
123	238
123	321
123	219
123	345
123	325
123	352
123	309
123	283
123	262
123	399
123	327
123	329
123	389
123	347
123	396
123	379
123	259
123	290
123	220
123	263
123	203
123	282
123	295
123	318
123	202
123	355
123	242
123	306
123	384
123	382
123	331
123	237
123	351
123	210
123	304
124	276
124	331
124	243
124	383
124	253
124	259
124	210
124	257
124	326
124	334
124	217
124	214
124	266
124	338
124	380
124	355
124	390
124	232
124	222
124	272
124	316
124	371
124	299
124	360
124	206
124	381
124	374
124	324
124	203
124	386
124	219
124	302
124	318
124	239
124	333
124	221
124	376
124	397
124	396
124	364
124	230
124	369
124	237
124	301
124	311
124	373
124	305
124	361
124	339
124	310
124	273
124	228
125	306
125	276
125	279
125	319
125	391
125	277
125	268
125	338
125	206
125	246
125	219
125	310
125	256
125	265
125	302
125	347
125	382
125	240
125	261
125	354
125	304
125	201
125	245
125	363
125	232
125	209
125	379
125	299
125	285
125	378
125	214
125	217
125	221
125	309
125	239
125	392
125	244
125	250
125	362
125	326
125	365
125	264
125	231
125	386
125	327
125	255
125	376
125	274
125	397
125	294
125	342
125	278
125	296
125	262
125	377
125	270
125	210
125	358
125	388
125	380
126	298
126	261
126	225
126	223
126	318
126	252
126	388
126	251
126	277
126	249
126	356
126	363
126	352
126	369
126	344
126	221
126	283
126	239
126	357
126	268
126	351
126	271
126	262
126	201
126	331
126	245
126	319
126	322
126	309
126	321
126	295
126	293
126	359
126	303
126	394
126	297
126	227
126	237
126	203
126	371
126	285
126	259
126	229
126	287
126	391
126	269
126	325
126	292
126	337
126	346
127	389
127	235
127	368
127	320
127	219
127	381
127	210
127	307
127	223
127	248
127	339
127	350
127	311
127	354
127	234
127	373
127	222
127	288
127	208
127	236
127	291
127	214
127	271
127	293
127	393
127	268
127	229
127	258
127	304
127	213
127	300
127	283
127	315
127	352
127	309
127	359
127	251
127	273
127	238
127	218
127	399
127	217
127	212
127	233
127	332
127	211
127	351
127	333
127	259
127	295
127	286
127	204
127	312
127	280
127	385
127	207
127	220
127	301
127	348
127	240
127	290
127	379
127	324
127	370
127	371
128	326
128	236
128	395
128	266
128	203
128	243
128	248
128	392
128	385
128	253
128	295
128	222
128	306
128	373
128	378
128	213
128	238
128	344
128	256
128	361
128	221
128	333
128	316
128	398
128	272
128	285
128	376
128	254
128	284
128	350
128	235
128	288
128	293
128	335
128	224
128	202
128	227
128	366
128	345
128	251
128	259
128	216
128	302
128	279
128	360
128	338
128	359
128	372
128	292
129	395
129	396
129	219
129	346
129	373
129	236
129	283
129	323
129	265
129	239
129	344
129	257
129	311
129	399
129	215
129	270
129	280
129	360
129	274
129	264
129	307
129	368
129	356
129	237
129	400
129	207
129	314
129	289
129	388
129	277
129	258
129	362
129	216
129	328
129	203
129	333
129	350
129	358
129	306
129	316
129	391
129	301
129	342
129	293
129	223
129	312
129	394
129	222
129	226
129	387
129	385
129	355
129	318
129	392
129	320
130	391
130	373
130	336
130	338
130	296
130	308
130	245
130	324
130	244
130	333
130	277
130	364
130	302
130	350
130	298
130	293
130	321
130	205
130	388
130	353
130	274
130	328
130	207
130	311
130	389
130	276
130	208
130	329
130	352
130	215
130	386
130	201
130	291
130	362
130	217
130	335
130	249
130	226
130	263
130	221
130	222
130	272
130	371
130	281
130	301
131	273
131	258
131	359
131	330
131	270
131	232
131	358
131	397
131	317
131	210
131	208
131	351
131	280
131	309
131	254
131	213
131	290
131	305
131	282
131	395
131	263
131	297
131	241
131	399
131	251
131	257
131	268
131	286
131	248
131	307
131	216
131	381
131	204
131	249
131	262
131	379
131	369
131	272
131	229
131	360
131	328
131	386
131	298
131	389
131	398
131	292
131	230
131	311
132	245
132	267
132	277
132	317
132	367
132	238
132	365
132	381
132	336
132	244
132	338
132	376
132	300
132	260
132	217
132	243
132	240
132	265
132	371
132	280
132	334
132	258
132	207
132	389
132	203
132	294
132	398
132	220
132	386
132	350
132	211
132	231
132	322
132	210
132	370
132	299
132	208
132	214
132	223
132	387
132	353
132	283
132	278
132	234
132	254
132	270
132	249
132	242
132	284
132	382
132	225
132	335
132	301
132	218
132	355
132	324
133	370
133	237
133	369
133	358
133	282
133	259
133	216
133	226
133	399
133	244
133	272
133	391
133	249
133	339
133	377
133	368
133	332
133	311
133	288
133	273
133	324
133	365
133	220
133	215
133	355
133	204
133	308
133	243
133	233
133	232
133	218
133	255
133	224
133	246
133	345
133	323
133	270
133	214
133	376
133	366
133	290
133	213
133	254
133	234
133	306
133	341
133	351
133	222
133	372
133	393
134	250
134	235
134	223
134	263
134	307
134	205
134	271
134	366
134	333
134	265
134	314
134	316
134	342
134	287
134	260
134	204
134	218
134	222
134	247
134	242
134	289
134	352
134	323
134	399
134	219
134	288
134	298
134	241
134	355
134	393
134	245
134	326
134	266
134	383
134	391
134	292
134	239
134	325
134	236
134	272
134	389
134	286
134	365
134	211
134	256
134	233
134	305
134	348
134	346
134	232
134	382
134	302
134	270
135	364
135	355
135	389
135	265
135	313
135	343
135	305
135	311
135	332
135	217
135	377
135	372
135	318
135	294
135	289
135	326
135	276
135	290
135	342
135	213
135	251
135	232
135	286
135	347
135	354
135	278
135	266
135	373
135	301
135	369
135	337
135	241
135	236
135	285
135	370
135	206
135	257
135	330
135	205
135	261
135	256
135	399
135	214
135	363
135	358
135	253
135	387
135	381
135	215
135	329
135	346
135	382
135	365
135	201
135	219
135	309
136	385
136	212
136	241
136	310
136	282
136	271
136	220
136	268
136	281
136	357
136	314
136	345
136	254
136	339
136	283
136	279
136	309
136	360
136	325
136	333
136	326
136	287
136	204
136	315
136	209
136	400
136	298
136	243
136	233
136	217
136	391
136	352
136	207
136	201
136	213
136	285
136	232
136	359
136	284
136	303
136	361
136	263
136	297
136	378
136	249
136	304
136	350
136	224
136	272
136	280
136	390
137	212
137	345
137	396
137	253
137	361
137	234
137	307
137	215
137	262
137	231
137	399
137	245
137	371
137	293
137	322
137	284
137	342
137	312
137	338
137	282
137	255
137	300
137	279
137	388
137	260
137	374
137	286
137	387
137	241
137	224
137	316
137	363
137	327
137	299
137	243
137	308
137	320
137	326
137	330
137	209
137	358
137	232
137	239
137	269
137	306
137	321
137	228
137	392
137	261
137	270
137	275
137	372
138	248
138	207
138	319
138	241
138	307
138	335
138	310
138	320
138	292
138	332
138	242
138	243
138	358
138	209
138	289
138	264
138	361
138	377
138	383
138	304
138	256
138	201
138	238
138	342
138	384
138	291
138	376
138	398
138	329
138	278
138	230
138	211
138	226
138	295
138	370
138	386
138	233
138	355
138	345
138	290
138	395
138	394
138	390
138	351
138	229
138	389
138	350
138	334
138	296
139	299
139	355
139	297
139	298
139	293
139	346
139	359
139	268
139	210
139	287
139	219
139	247
139	321
139	381
139	273
139	255
139	250
139	385
139	322
139	241
139	347
139	316
139	214
139	224
139	235
139	308
139	278
139	336
139	301
139	277
139	377
139	230
139	398
139	356
139	294
139	266
139	245
139	333
139	234
139	373
139	390
139	257
139	205
139	211
139	249
139	382
139	337
139	284
139	251
139	218
139	248
139	274
139	296
139	374
139	391
140	351
140	281
140	317
140	261
140	293
140	285
140	318
140	315
140	353
140	375
140	204
140	279
140	248
140	232
140	359
140	389
140	361
140	341
140	398
140	290
140	243
140	362
140	271
140	321
140	208
140	284
140	320
140	386
140	388
140	242
140	201
140	280
140	225
140	298
140	372
140	373
140	299
140	342
140	330
140	227
140	360
140	306
140	255
140	226
140	235
140	357
140	244
140	222
140	312
140	367
140	396
141	248
141	397
141	256
141	229
141	226
141	316
141	319
141	235
141	331
141	393
141	369
141	311
141	236
141	286
141	227
141	356
141	384
141	295
141	296
141	327
141	215
141	337
141	288
141	400
141	271
141	357
141	260
141	212
141	302
141	242
141	247
141	205
141	300
141	204
141	324
141	334
141	276
141	254
141	277
141	279
141	210
141	253
141	308
141	349
141	291
141	371
142	273
142	324
142	276
142	366
142	278
142	343
142	388
142	400
142	314
142	272
142	331
142	260
142	332
142	267
142	265
142	212
142	288
142	204
142	336
142	205
142	322
142	387
142	247
142	300
142	311
142	342
142	390
142	398
142	225
142	327
142	316
142	217
142	268
142	219
142	349
142	329
142	397
142	266
142	222
142	305
142	325
142	262
142	321
142	344
142	347
142	257
142	377
142	241
143	318
143	255
143	374
143	321
143	337
143	298
143	376
143	382
143	241
143	364
143	365
143	351
143	237
143	358
143	229
143	313
143	278
143	209
143	378
143	243
143	290
143	343
143	244
143	268
143	338
143	253
143	316
143	380
143	299
143	334
143	261
143	339
143	309
143	250
143	239
143	285
143	328
143	356
143	315
143	333
143	400
143	296
143	281
143	372
143	276
143	307
143	349
143	332
143	319
143	389
143	361
143	317
143	287
143	264
143	230
143	335
143	381
143	388
143	342
143	203
143	363
143	262
143	370
143	347
144	244
144	253
144	365
144	399
144	282
144	369
144	261
144	347
144	390
144	204
144	313
144	226
144	210
144	383
144	228
144	265
144	329
144	318
144	250
144	388
144	370
144	222
144	372
144	223
144	219
144	247
144	325
144	239
144	233
144	381
144	274
144	330
144	304
144	376
144	227
144	229
144	315
144	384
144	308
144	225
144	276
144	237
144	269
144	216
144	201
144	358
144	362
144	364
144	231
144	217
144	380
145	256
145	207
145	281
145	275
145	246
145	362
145	347
145	227
145	368
145	315
145	262
145	214
145	274
145	221
145	310
145	352
145	331
145	325
145	300
145	250
145	215
145	385
145	286
145	318
145	303
145	261
145	243
145	231
145	377
145	334
145	358
145	363
145	316
145	293
145	219
145	366
145	294
145	353
145	323
145	287
145	302
145	209
146	330
146	266
146	382
146	243
146	303
146	357
146	315
146	353
146	328
146	248
146	298
146	322
146	221
146	331
146	312
146	310
146	352
146	262
146	376
146	344
146	255
146	270
146	359
146	385
146	272
146	233
146	216
146	336
146	295
146	250
146	388
146	342
146	282
146	367
146	365
146	363
146	251
146	287
146	286
146	254
146	326
146	366
146	316
146	379
146	226
146	383
146	247
146	375
146	212
146	294
146	309
146	355
146	246
147	287
147	229
147	334
147	297
147	366
147	309
147	369
147	339
147	317
147	237
147	392
147	254
147	285
147	238
147	375
147	330
147	232
147	270
147	223
147	262
147	276
147	379
147	365
147	201
147	203
147	389
147	341
147	376
147	374
147	209
147	252
147	390
147	370
147	385
147	327
147	222
147	340
147	281
147	344
147	373
147	300
147	293
147	325
147	357
147	216
147	396
147	354
148	360
148	216
148	256
148	288
148	243
148	308
148	381
148	391
148	223
148	353
148	202
148	312
148	387
148	276
148	364
148	236
148	300
148	328
148	362
148	371
148	380
148	220
148	287
148	393
148	210
148	250
148	325
148	385
148	278
148	324
148	222
148	272
148	350
148	281
148	383
148	235
148	352
148	363
148	379
148	400
148	205
148	342
148	225
148	224
148	230
148	341
148	304
148	397
148	299
148	311
148	263
148	366
148	228
148	374
148	237
148	351
148	309
148	394
148	368
149	249
149	207
149	223
149	387
149	231
149	319
149	385
149	222
149	229
149	312
149	397
149	275
149	376
149	347
149	391
149	230
149	228
149	225
149	323
149	366
149	353
149	358
149	362
149	209
149	315
149	216
149	295
149	293
149	284
149	301
149	343
149	314
149	274
149	227
149	277
149	265
149	392
149	338
149	374
149	394
149	234
149	393
149	263
149	214
149	364
149	305
149	291
149	278
149	289
149	252
149	213
149	283
149	269
149	382
149	220
149	298
150	396
150	222
150	344
150	363
150	205
150	327
150	317
150	370
150	349
150	231
150	268
150	329
150	360
150	226
150	237
150	334
150	371
150	343
150	302
150	202
150	379
150	246
150	220
150	354
150	248
150	312
150	330
150	257
150	218
150	393
150	211
150	255
150	341
150	273
150	345
150	233
150	227
150	295
150	223
150	224
150	369
150	323
150	359
150	249
150	285
150	308
150	319
150	346
150	252
150	206
150	357
150	280
150	392
150	383
150	333
150	275
150	340
150	238
150	217
150	254
150	281
150	241
150	362
151	211
151	372
151	346
151	374
151	269
151	397
151	288
151	354
151	340
151	345
151	293
151	286
151	272
151	337
151	368
151	250
151	297
151	209
151	387
151	357
151	207
151	204
151	358
151	391
151	342
151	392
151	396
151	386
151	320
151	307
151	247
151	351
151	395
151	304
151	319
151	318
151	343
151	212
151	314
151	289
151	264
151	233
151	312
151	294
151	324
151	316
151	285
151	246
152	379
152	394
152	214
152	392
152	393
152	221
152	313
152	344
152	399
152	382
152	319
152	396
152	273
152	355
152	303
152	244
152	231
152	222
152	330
152	380
152	226
152	234
152	314
152	296
152	286
152	321
152	301
152	386
152	287
152	329
152	223
152	282
152	368
152	268
152	270
152	227
152	203
152	385
152	228
152	264
152	374
152	243
152	283
152	242
152	258
152	293
152	215
152	356
152	371
152	345
152	210
152	251
152	276
153	380
153	318
153	379
153	326
153	207
153	325
153	384
153	233
153	311
153	301
153	388
153	238
153	342
153	228
153	279
153	329
153	333
153	232
153	399
153	267
153	324
153	290
153	393
153	239
153	348
153	378
153	369
153	261
153	265
153	349
153	211
153	284
153	274
153	386
153	357
153	396
153	244
153	229
153	285
153	307
153	262
153	275
153	246
153	322
153	296
153	219
153	340
153	344
153	226
153	204
153	330
153	389
154	378
154	262
154	300
154	261
154	282
154	276
154	370
154	304
154	318
154	285
154	398
154	303
154	353
154	302
154	342
154	358
154	346
154	207
154	287
154	218
154	202
154	257
154	278
154	260
154	309
154	344
154	307
154	238
154	256
154	236
154	294
154	242
154	209
154	322
154	296
154	330
154	350
154	203
154	314
154	328
154	241
154	323
154	280
154	222
154	327
154	271
154	244
155	249
155	362
155	302
155	388
155	211
155	326
155	332
155	318
155	201
155	238
155	375
155	319
155	242
155	228
155	315
155	215
155	214
155	399
155	258
155	279
155	246
155	400
155	229
155	259
155	346
155	252
155	312
155	377
155	372
155	381
155	365
155	224
155	301
155	212
155	247
155	393
155	390
155	371
155	348
155	284
155	379
155	340
155	208
155	276
155	360
155	291
155	355
155	288
155	305
155	391
155	376
155	358
155	289
155	311
155	385
155	237
155	299
155	338
155	207
155	354
155	330
155	329
155	353
155	219
155	314
156	210
156	218
156	226
156	314
156	214
156	292
156	268
156	207
156	213
156	295
156	280
156	308
156	217
156	284
156	367
156	368
156	245
156	269
156	328
156	323
156	296
156	370
156	312
156	276
156	338
156	293
156	309
156	362
156	327
156	302
156	388
156	242
156	346
156	232
156	209
156	400
156	348
156	270
156	339
156	282
156	291
156	361
156	267
156	297
156	333
156	324
156	271
156	330
156	285
156	379
156	255
156	331
156	221
157	300
157	306
157	293
157	230
157	343
157	366
157	379
157	275
157	217
157	397
157	279
157	225
157	333
157	332
157	315
157	386
157	281
157	385
157	255
157	374
157	213
157	216
157	318
157	320
157	317
157	369
157	376
157	258
157	371
157	399
157	223
157	250
157	383
157	372
157	257
157	221
157	304
157	239
157	349
157	270
157	326
157	375
157	241
157	245
157	253
157	294
157	278
157	209
157	273
158	328
158	296
158	248
158	207
158	351
158	316
158	293
158	355
158	275
158	215
158	261
158	349
158	315
158	260
158	271
158	337
158	375
158	347
158	222
158	384
158	377
158	205
158	209
158	387
158	400
158	231
158	289
158	362
158	270
158	341
158	299
158	221
158	254
158	396
158	364
158	202
158	264
158	277
158	304
158	208
158	229
158	278
158	336
158	312
158	250
158	343
159	313
159	359
159	360
159	294
159	344
159	214
159	240
159	339
159	263
159	315
159	337
159	231
159	390
159	400
159	237
159	306
159	239
159	254
159	386
159	272
159	229
159	281
159	271
159	224
159	309
159	287
159	385
159	208
159	383
159	267
159	326
159	269
159	325
159	288
159	321
159	319
159	300
159	333
159	238
159	276
159	256
159	226
159	370
159	273
159	248
159	235
159	304
159	331
160	289
160	325
160	335
160	228
160	307
160	232
160	374
160	358
160	367
160	344
160	213
160	275
160	333
160	293
160	250
160	390
160	212
160	393
160	346
160	222
160	361
160	363
160	368
160	320
160	246
160	272
160	309
160	227
160	259
160	372
160	308
160	256
160	342
160	312
160	225
160	326
160	318
160	364
160	327
160	230
160	317
160	244
160	294
160	226
160	343
161	339
161	393
161	214
161	215
161	373
161	223
161	379
161	363
161	350
161	317
161	334
161	326
161	243
161	346
161	335
161	382
161	273
161	323
161	204
161	391
161	377
161	231
161	378
161	341
161	381
161	342
161	366
161	400
161	311
161	259
161	252
161	210
161	332
161	292
161	227
161	386
161	304
161	329
161	254
161	362
162	206
162	379
162	211
162	342
162	227
162	205
162	271
162	345
162	306
162	287
162	366
162	351
162	262
162	217
162	335
162	297
162	383
162	386
162	311
162	253
162	344
162	330
162	399
162	226
162	268
162	239
162	375
162	324
162	325
162	261
162	270
162	362
162	310
162	331
162	242
162	326
162	337
162	320
162	355
162	212
162	201
162	301
162	266
162	216
162	249
162	388
162	370
162	396
162	312
162	221
162	243
162	315
162	207
162	343
162	295
162	251
162	398
163	323
163	270
163	313
163	319
163	320
163	234
163	318
163	246
163	256
163	229
163	265
163	242
163	372
163	243
163	340
163	245
163	303
163	244
163	217
163	333
163	382
163	337
163	260
163	300
163	231
163	222
163	272
163	224
163	220
163	252
163	315
163	330
163	290
163	212
163	363
163	357
163	331
163	291
163	361
163	345
163	263
163	348
163	396
163	388
163	375
163	346
163	370
163	327
163	208
163	233
163	351
163	257
163	385
163	210
163	251
164	310
164	221
164	335
164	226
164	318
164	327
164	366
164	363
164	359
164	239
164	368
164	269
164	283
164	389
164	268
164	356
164	222
164	243
164	396
164	231
164	234
164	307
164	348
164	325
164	297
164	367
164	276
164	354
164	211
164	350
164	333
164	314
164	323
164	378
164	320
164	352
164	291
164	393
164	370
164	281
164	309
164	272
164	341
164	241
164	238
164	236
164	321
164	303
164	206
164	244
164	286
164	326
164	285
164	204
164	216
164	202
165	222
165	307
165	341
165	323
165	317
165	244
165	301
165	216
165	306
165	263
165	218
165	396
165	234
165	309
165	369
165	270
165	235
165	366
165	379
165	291
165	368
165	386
165	276
165	243
165	353
165	347
165	255
165	288
165	352
165	285
165	271
165	201
165	265
165	378
165	264
165	321
165	279
165	287
165	343
165	233
165	381
165	273
165	293
165	302
165	223
165	242
165	322
165	240
165	308
165	250
165	395
165	370
165	272
165	269
166	388
166	246
166	303
166	373
166	203
166	215
166	210
166	250
166	265
166	240
166	364
166	400
166	295
166	365
166	275
166	248
166	323
166	247
166	269
166	381
166	258
166	307
166	348
166	241
166	324
166	251
166	249
166	217
166	338
166	330
166	327
166	276
166	261
166	278
166	206
166	218
166	359
166	314
166	239
166	245
166	335
166	244
166	273
166	289
167	370
167	364
167	289
167	368
167	352
167	349
167	238
167	242
167	382
167	207
167	213
167	386
167	216
167	299
167	205
167	259
167	278
167	340
167	219
167	256
167	288
167	333
167	215
167	251
167	262
167	239
167	348
167	303
167	217
167	268
167	357
167	311
167	373
167	287
167	295
167	325
167	212
167	226
167	344
167	231
167	225
167	324
167	234
167	308
168	360
168	278
168	398
168	363
168	374
168	294
168	314
168	336
168	298
168	334
168	301
168	343
168	313
168	384
168	248
168	353
168	347
168	267
168	211
168	214
168	249
168	349
168	399
168	381
168	355
168	389
168	361
168	378
168	376
168	320
168	297
168	375
168	245
168	280
168	338
168	323
168	304
168	379
168	273
168	256
168	266
168	265
168	272
168	392
168	390
168	244
168	309
168	369
169	258
169	395
169	230
169	321
169	265
169	233
169	205
169	247
169	331
169	339
169	382
169	302
169	229
169	248
169	222
169	359
169	335
169	239
169	284
169	219
169	271
169	303
169	315
169	252
169	241
169	300
169	354
169	398
169	253
169	345
169	338
169	238
169	203
169	226
169	292
169	391
169	249
169	274
169	313
169	389
169	305
169	348
169	366
169	381
169	283
169	306
169	360
169	304
169	397
169	272
169	358
169	343
169	396
169	234
169	240
169	330
169	213
169	353
170	348
170	374
170	204
170	287
170	301
170	336
170	213
170	217
170	273
170	353
170	320
170	230
170	278
170	311
170	328
170	271
170	335
170	260
170	221
170	313
170	399
170	327
170	275
170	223
170	330
170	251
170	302
170	229
170	393
170	207
170	322
170	216
170	201
170	356
170	376
170	246
170	253
170	293
170	321
170	390
170	237
170	257
170	241
170	316
170	220
170	318
170	263
170	364
170	208
170	203
170	392
170	215
170	359
170	341
171	315
171	386
171	236
171	333
171	367
171	243
171	239
171	225
171	370
171	341
171	299
171	284
171	269
171	274
171	381
171	286
171	372
171	260
171	218
171	248
171	323
171	336
171	331
171	374
171	366
171	273
171	262
171	389
171	289
171	393
171	227
171	387
171	317
171	264
171	213
171	335
171	270
171	255
171	293
171	375
171	207
171	319
171	287
171	210
171	247
171	383
171	268
171	303
171	250
172	239
172	293
172	343
172	249
172	352
172	302
172	331
172	321
172	304
172	210
172	271
172	374
172	317
172	223
172	300
172	349
172	375
172	262
172	277
172	397
172	278
172	380
172	291
172	224
172	272
172	286
172	400
172	268
172	245
172	394
172	282
172	328
172	362
172	236
172	266
172	386
172	320
172	255
172	289
172	311
172	240
172	203
172	350
172	258
172	213
172	227
172	314
173	384
173	387
173	361
173	238
173	286
173	202
173	309
173	349
173	313
173	303
173	399
173	279
173	374
173	232
173	307
173	277
173	322
173	215
173	326
173	220
173	276
173	334
173	339
173	283
173	264
173	249
173	365
173	312
173	257
173	246
173	354
173	350
173	235
173	381
173	259
173	240
173	254
173	390
173	245
173	208
173	223
173	205
173	341
173	204
173	295
173	364
173	214
173	363
173	272
173	230
173	355
173	274
173	317
173	266
174	292
174	231
174	354
174	349
174	264
174	213
174	248
174	362
174	237
174	378
174	321
174	240
174	263
174	392
174	234
174	313
174	262
174	315
174	369
174	226
174	397
174	399
174	274
174	338
174	245
174	330
174	272
174	215
174	355
174	236
174	298
174	364
174	356
174	360
174	344
174	256
174	270
174	218
174	351
174	246
174	269
174	290
174	375
174	334
174	216
174	302
174	239
174	372
174	342
174	361
174	363
175	367
175	270
175	241
175	345
175	287
175	263
175	288
175	253
175	259
175	316
175	391
175	296
175	390
175	310
175	204
175	399
175	330
175	211
175	281
175	276
175	376
175	302
175	257
175	320
175	280
175	314
175	365
175	395
175	261
175	350
175	348
175	397
175	265
175	286
175	362
175	371
175	236
175	240
175	313
175	202
175	282
175	274
175	226
175	386
175	307
175	242
175	231
175	368
175	360
175	244
175	260
175	268
175	328
175	258
175	342
175	214
175	252
175	245
175	361
175	336
175	272
176	223
176	231
176	290
176	250
176	298
176	212
176	393
176	369
176	228
176	205
176	338
176	318
176	295
176	350
176	383
176	236
176	234
176	388
176	375
176	289
176	315
176	353
176	358
176	361
176	341
176	253
176	260
176	390
176	330
176	306
176	304
176	266
176	314
176	372
176	204
176	345
176	301
176	331
176	293
176	349
176	201
176	220
176	325
176	320
176	395
176	279
176	333
176	322
176	222
176	269
176	209
176	302
177	334
177	298
177	240
177	340
177	263
177	285
177	254
177	241
177	242
177	335
177	392
177	236
177	313
177	331
177	365
177	256
177	201
177	278
177	343
177	255
177	301
177	376
177	394
177	202
177	233
177	225
177	321
177	389
177	338
177	284
177	299
177	377
177	400
177	275
177	333
177	390
177	244
177	277
177	269
177	293
177	250
177	351
177	238
177	367
177	383
177	357
177	224
177	270
177	387
177	257
177	280
177	332
177	239
177	286
178	293
178	218
178	379
178	319
178	282
178	247
178	241
178	304
178	314
178	329
178	310
178	376
178	390
178	309
178	347
178	398
178	313
178	343
178	273
178	263
178	214
178	221
178	205
178	352
178	387
178	328
178	382
178	277
178	303
178	245
178	383
178	203
178	338
178	388
178	321
178	206
178	283
178	327
178	336
178	366
178	257
178	291
178	286
178	331
178	370
178	288
178	295
178	337
179	242
179	369
179	347
179	211
179	333
179	268
179	241
179	280
179	231
179	305
179	358
179	377
179	336
179	257
179	204
179	208
179	370
179	381
179	263
179	230
179	210
179	283
179	295
179	307
179	262
179	368
179	244
179	365
179	249
179	221
179	326
179	392
179	267
179	327
179	382
179	291
179	387
179	359
179	212
179	383
179	346
179	275
179	396
179	400
179	318
179	273
179	297
179	201
179	364
179	354
180	381
180	390
180	311
180	370
180	286
180	229
180	377
180	372
180	318
180	243
180	304
180	321
180	226
180	369
180	343
180	264
180	366
180	397
180	335
180	266
180	207
180	282
180	365
180	265
180	223
180	208
180	338
180	247
180	263
180	378
180	238
180	316
180	334
180	383
180	233
180	359
180	278
180	307
180	387
180	385
180	232
180	284
180	357
180	289
180	319
180	313
180	339
180	344
180	356
181	361
181	353
181	225
181	332
181	362
181	209
181	240
181	220
181	341
181	360
181	284
181	221
181	238
181	202
181	311
181	258
181	323
181	316
181	354
181	293
181	310
181	285
181	283
181	333
181	262
181	345
181	340
181	207
181	376
181	266
181	358
181	215
181	355
181	233
181	322
181	379
181	312
181	280
181	388
181	313
181	212
181	374
181	239
181	248
181	272
181	372
181	380
181	224
181	269
181	321
181	255
182	228
182	222
182	301
182	352
182	247
182	300
182	235
182	254
182	251
182	379
182	211
182	248
182	219
182	376
182	304
182	307
182	260
182	277
182	335
182	397
182	245
182	320
182	231
182	343
182	377
182	372
182	398
182	306
182	229
182	207
182	293
182	280
182	259
182	311
182	240
182	258
182	230
182	232
182	348
182	323
182	400
182	263
182	265
182	319
182	204
182	253
182	271
182	390
182	309
182	205
182	244
182	284
182	287
182	332
182	339
183	369
183	271
183	257
183	332
183	319
183	230
183	225
183	223
183	331
183	316
183	357
183	205
183	383
183	373
183	229
183	247
183	228
183	292
183	334
183	265
183	279
183	321
183	244
183	285
183	273
183	350
183	310
183	215
183	260
183	324
183	208
183	346
183	306
183	342
183	297
183	317
183	281
183	391
183	217
183	360
183	354
183	385
183	389
183	233
183	259
183	386
183	395
183	343
183	295
183	239
183	264
184	372
184	390
184	254
184	357
184	241
184	274
184	289
184	326
184	275
184	397
184	348
184	394
184	367
184	392
184	256
184	303
184	230
184	236
184	293
184	359
184	328
184	269
184	365
184	207
184	252
184	345
184	324
184	246
184	315
184	373
184	379
184	343
184	349
184	225
184	313
184	214
184	212
184	350
184	264
184	302
184	213
184	361
184	301
184	286
184	263
184	395
184	204
184	368
184	220
184	250
184	244
184	251
184	217
184	388
184	267
185	297
185	217
185	346
185	311
185	378
185	332
185	232
185	279
185	296
185	262
185	380
185	246
185	204
185	352
185	364
185	338
185	314
185	327
185	207
185	329
185	387
185	315
185	235
185	349
185	360
185	239
185	298
185	394
185	325
185	308
185	284
185	383
185	306
185	242
185	234
185	245
185	236
185	390
185	293
185	307
185	341
185	254
185	343
185	264
185	253
185	339
185	318
185	321
185	371
185	379
185	231
185	294
185	382
185	276
185	288
185	226
185	347
185	263
186	347
186	376
186	222
186	325
186	327
186	362
186	329
186	289
186	389
186	294
186	393
186	276
186	338
186	367
186	385
186	283
186	355
186	337
186	320
186	335
186	345
186	227
186	218
186	321
186	365
186	277
186	375
186	334
186	237
186	396
186	391
186	275
186	284
186	382
186	302
186	250
186	387
186	398
186	263
186	342
186	311
186	211
186	216
186	379
186	298
186	256
187	246
187	381
187	240
187	213
187	281
187	307
187	217
187	269
187	377
187	247
187	298
187	373
187	333
187	301
187	399
187	297
187	203
187	341
187	283
187	342
187	362
187	286
187	245
187	370
187	394
187	322
187	243
187	371
187	388
187	321
187	351
187	261
187	320
187	202
187	347
187	201
187	344
187	327
187	221
187	395
187	338
187	288
187	355
187	348
187	249
187	244
187	367
187	319
187	340
187	313
187	267
187	356
187	390
187	376
188	337
188	219
188	231
188	328
188	384
188	314
188	258
188	355
188	357
188	212
188	347
188	365
188	271
188	207
188	344
188	312
188	208
188	302
188	290
188	343
188	354
188	345
188	265
188	203
188	251
188	287
188	319
188	359
188	380
188	281
188	371
188	248
188	352
188	285
188	240
188	391
188	363
188	225
188	316
188	368
188	262
188	330
188	342
188	273
188	230
188	298
188	279
189	326
189	289
189	215
189	257
189	301
189	253
189	238
189	355
189	284
189	254
189	267
189	318
189	295
189	390
189	324
189	261
189	260
189	315
189	376
189	302
189	235
189	282
189	375
189	217
189	399
189	222
189	398
189	338
189	330
189	251
189	337
189	201
189	218
189	294
189	276
189	319
189	339
189	206
189	387
189	292
189	245
189	396
189	304
189	255
189	393
189	249
189	280
189	379
189	219
189	364
189	240
189	246
189	303
189	366
189	348
189	226
189	394
189	353
190	305
190	249
190	395
190	206
190	382
190	235
190	307
190	207
190	264
190	310
190	268
190	258
190	368
190	343
190	254
190	332
190	221
190	212
190	288
190	326
190	250
190	369
190	334
190	230
190	214
190	290
190	236
190	237
190	285
190	342
190	397
190	256
190	345
190	333
190	201
190	330
190	349
190	300
190	257
190	231
190	266
190	340
190	247
190	241
190	272
190	337
190	325
190	392
190	269
190	391
190	380
191	356
191	324
191	250
191	284
191	349
191	292
191	240
191	387
191	363
191	342
191	367
191	333
191	317
191	290
191	251
191	268
191	328
191	358
191	385
191	248
191	215
191	254
191	223
191	230
191	357
191	340
191	255
191	291
191	253
191	244
191	345
191	214
191	301
191	343
191	361
191	296
191	319
191	359
191	216
191	334
191	210
191	392
191	278
191	277
191	262
191	236
192	325
192	381
192	242
192	279
192	344
192	271
192	217
192	297
192	376
192	354
192	353
192	290
192	319
192	334
192	259
192	364
192	385
192	360
192	289
192	313
192	316
192	221
192	226
192	346
192	299
192	280
192	317
192	268
192	251
192	382
192	261
192	329
192	301
192	246
192	375
192	311
192	218
192	243
192	327
192	323
192	371
192	356
192	400
192	255
192	341
192	245
192	270
192	308
193	328
193	380
193	322
193	266
193	263
193	242
193	379
193	234
193	245
193	375
193	387
193	252
193	392
193	396
193	308
193	370
193	307
193	398
193	214
193	352
193	319
193	384
193	367
193	399
193	288
193	340
193	218
193	312
193	273
193	363
193	258
193	208
193	206
193	385
193	276
193	291
193	236
193	261
193	287
193	281
193	246
193	334
193	271
193	354
193	262
193	211
193	269
193	292
193	360
193	275
193	247
193	359
193	358
193	257
193	325
193	249
193	235
193	361
194	268
194	270
194	287
194	357
194	228
194	225
194	362
194	376
194	216
194	288
194	209
194	343
194	341
194	204
194	326
194	212
194	371
194	394
194	277
194	354
194	340
194	292
194	276
194	266
194	352
194	246
194	242
194	374
194	227
194	298
194	383
194	386
194	332
194	297
194	237
194	255
194	258
194	224
194	218
194	284
194	317
194	387
194	364
194	251
194	250
194	259
194	311
194	245
194	290
195	284
195	323
195	202
195	280
195	201
195	383
195	264
195	385
195	396
195	367
195	388
195	210
195	257
195	375
195	348
195	353
195	211
195	380
195	265
195	259
195	225
195	400
195	362
195	309
195	320
195	282
195	345
195	346
195	250
195	235
195	251
195	207
195	381
195	219
195	306
195	266
195	355
195	374
195	361
195	351
195	390
195	234
195	253
195	312
195	237
196	244
196	205
196	355
196	289
196	260
196	372
196	316
196	326
196	302
196	386
196	279
196	333
196	370
196	347
196	217
196	268
196	361
196	252
196	214
196	368
196	283
196	334
196	359
196	348
196	338
196	356
196	221
196	388
196	236
196	212
196	231
196	220
196	362
196	395
196	366
196	387
196	384
196	353
196	325
196	254
196	213
196	379
196	202
196	373
196	291
196	390
196	285
196	255
196	329
196	382
196	237
197	293
197	206
197	313
197	396
197	246
197	242
197	211
197	340
197	266
197	353
197	278
197	292
197	395
197	275
197	221
197	253
197	244
197	328
197	277
197	214
197	330
197	365
197	307
197	327
197	297
197	385
197	238
197	321
197	247
197	288
197	296
197	310
197	392
197	287
197	332
197	252
197	324
197	202
197	391
197	345
197	343
197	274
197	397
197	299
197	236
197	258
197	333
197	256
197	339
197	378
197	254
197	356
197	209
197	325
198	352
198	296
198	304
198	390
198	334
198	266
198	364
198	375
198	396
198	285
198	292
198	325
198	310
198	355
198	350
198	223
198	213
198	314
198	290
198	344
198	365
198	277
198	378
198	327
198	282
198	326
198	202
198	286
198	252
198	351
198	397
198	207
198	366
198	287
198	385
198	312
198	330
198	343
198	367
198	242
198	337
198	236
198	320
198	225
198	359
198	311
198	270
198	250
198	309
198	370
198	232
198	244
198	336
198	338
198	279
198	253
198	369
198	321
198	235
198	280
199	250
199	302
199	383
199	394
199	355
199	312
199	223
199	384
199	290
199	339
199	228
199	253
199	351
199	229
199	319
199	357
199	226
199	241
199	269
199	235
199	285
199	262
199	323
199	274
199	288
199	207
199	287
199	338
199	342
199	291
199	358
199	314
199	205
199	265
199	240
199	244
199	366
199	332
199	206
199	346
199	336
199	365
199	260
199	310
199	393
199	267
199	232
199	236
199	307
199	249
199	221
199	344
199	247
199	295
199	213
200	344
200	352
200	379
200	349
200	318
200	215
200	393
200	256
200	247
200	353
200	313
200	277
200	268
200	286
200	299
200	204
200	207
200	288
200	260
200	251
200	350
200	237
200	367
200	358
200	208
200	224
200	354
200	201
200	244
200	249
200	254
200	323
200	377
200	339
200	329
200	242
200	335
200	397
200	228
200	328
200	343
200	375
200	222
200	361
200	223
200	258
200	290
200	348
200	214
200	210
200	337
200	298
200	317
200	396
200	262
200	283
200	351
200	342
200	338
200	255