80 80 10
1 81
1 88
1 90
1 91
1 97
1 98
1 99
1 103
1 106
1 107
1 114
1 121
1 125
1 127
1 130
1 133
1 136
1 141
1 147
1 148
1 149
1 150
1 152
1 153
2 83
2 84
2 85
2 87
2 88
2 89
2 93
2 94
2 95
2 106
2 107
2 112
2 117
2 119
2 120
2 122
2 124
2 129
2 131
2 133
2 139
2 145
2 147
2 155
2 157
3 89
3 91
3 95
3 98
3 99
3 103
3 106
3 107
3 110
3 112
3 113
3 116
3 120
3 125
3 126
3 127
3 139
3 141
3 142
3 144
3 151
3 153
3 155
3 156
3 158
4 81
4 82
4 85
4 86
4 87
4 92
4 100
4 105
4 109
4 110
4 114
4 122
4 123
4 126
4 136
4 137
4 138
4 141
4 146
4 148
4 149
4 151
4 153
4 154
4 156
4 158
4 160
5 83
5 85
5 106
5 107
5 112
5 117
5 120
5 131
5 132
5 134
5 141
5 142
5 147
5 149
5 157
5 158
6 86
6 95
6 98
6 100
6 108
6 110
6 114
6 115
6 116
6 117
6 119
6 120
6 122
6 125
6 126
6 149
6 152
6 156
6 158
6 159
6 160
7 81
7 85
7 87
7 88
7 90
7 91
7 94
7 97
7 104
7 105
7 107
7 114
7 116
7 122
7 127
7 130
7 136
7 149
7 152
7 158
8 86
8 88
8 94
8 103
8 104
8 111
8 114
8 116
8 119
8 122
8 124
8 127
8 130
8 132
8 139
8 142
8 146
8 149
8 152
8 156
8 158
9 85
9 86
9 89
9 92
9 93
9 96
9 97
9 101
9 102
9 104
9 105
9 109
9 111
9 114
9 121
9 124
9 125
9 129
9 131
9 133
9 135
9 138
9 143
9 144
9 145
9 147
9 148
9 149
9 154
9 157
9 160
10 81
10 89
10 90
10 91
10 95
10 96
10 97
10 105
10 113
10 115
10 119
10 120
10 131
10 135
10 142
10 143
10 145
10 150
10 154
10 155
10 157
11 84
11 89
11 95
11 96
11 98
11 99
11 101
11 103
11 107
11 110
11 112
11 117
11 118
11 120
11 122
11 125
11 131
11 132
11 134
11 139
11 140
11 141
11 144
11 145
11 157
11 158
11 159
12 82
12 83
12 86
12 87
12 91
12 95
12 100
12 102
12 106
12 108
12 110
12 111
12 113
12 114
12 118
12 131
12 132
12 133
12 137
12 138
12 139
12 145
12 149
12 151
12 152
12 154
12 155
12 157
12 159
13 81
13 83
13 92
13 97
13 107
13 109
13 113
13 116
13 123
13 126
13 142
13 147
13 148
13 151
13 152
13 153
13 154
13 158
14 82
14 85
14 91
14 96
14 97
14 103
14 109
14 123
14 133
14 145
14 146
14 159
15 86
15 87
15 89
15 90
15 94
15 101
15 105
15 106
15 108
15 109
15 110
15 114
15 115
15 118
15 124
15 127
15 129
15 130
15 133
15 135
15 138
15 145
15 146
15 148
15 149
15 152
15 154
15 157
15 160
16 81
16 86
16 92
16 100
16 103
16 104
16 106
16 111
16 113
16 116
16 120
16 126
16 137
16 139
16 140
16 142
16 146
16 147
16 150
16 151
16 155
16 156
16 158
17 87
17 91
17 93
17 94
17 97
17 99
17 101
17 102
17 106
17 109
17 112
17 114
17 123
17 130
17 131
17 133
17 141
17 142
17 146
17 153
17 154
18 81
18 82
18 94
18 106
18 112
18 115
18 122
18 127
18 128
18 130
18 136
18 141
18 144
18 149
18 151
18 152
18 153
18 155
18 157
18 160
19 82
19 83
19 85
19 87
19 89
19 90
19 93
19 96
19 97
19 100
19 101
19 105
19 106
19 109
19 111
19 113
19 119
19 127
19 129
19 132
19 135
19 141
19 145
19 149
19 154
19 156
20 81
20 83
20 86
20 87
20 91
20 93
20 97
20 103
20 104
20 105
20 106
20 115
20 116
20 117
20 119
20 123
20 128
20 133
20 134
20 137
20 138
20 145
20 146
20 151
20 154
20 160
21 81
21 83
21 84
21 85
21 86
21 89
21 91
21 96
21 101
21 104
21 106
21 109
21 113
21 115
21 125
21 127
21 131
21 134
21 139
21 146
21 149
21 151
21 153
21 154
21 156
21 160
22 81
22 82
22 87
22 88
22 90
22 92
22 101
22 103
22 111
22 115
22 124
22 126
22 127
22 129
22 130
22 135
22 140
22 152
22 156
22 157
23 83
23 86
23 87
23 90
23 91
23 93
23 94
23 100
23 108
23 110
23 112
23 113
23 125
23 129
23 145
23 147
23 153
23 154
23 157
23 159
24 81
24 82
24 85
24 93
24 95
24 102
24 104
24 105
24 106
24 109
24 112
24 115
24 118
24 119
24 124
24 129
24 130
24 131
24 134
24 135
24 140
24 141
24 142
24 149
24 158
25 81
25 84
25 85
25 86
25 87
25 91
25 97
25 98
25 99
25 103
25 104
25 110
25 112
25 115
25 116
25 117
25 118
25 121
25 125
25 127
25 131
25 132
25 133
25 134
25 135
25 137
25 148
25 152
25 153
25 154
25 155
25 156
25 160
26 81
26 98
26 99
26 102
26 108
26 109
26 117
26 120
26 121
26 126
26 127
26 128
26 133
26 134
26 137
26 138
26 145
26 146
26 147
26 148
26 152
26 158
27 82
27 84
27 95
27 106
27 111
27 115
27 117
27 119
27 120
27 121
27 122
27 126
27 127
27 128
27 130
27 133
27 136
27 137
27 139
27 149
27 150
27 152
27 153
27 154
27 155
27 159
28 81
28 82
28 83
28 85
28 89
28 95
28 99
28 103
28 109
28 110
28 116
28 117
28 119
28 120
28 121
28 122
28 124
28 125
28 130
28 136
28 137
28 144
28 147
28 149
28 155
28 159
29 81
29 87
29 89
29 91
29 94
29 95
29 102
29 104
29 106
29 107
29 111
29 112
29 114
29 115
29 116
29 120
29 121
29 125
29 127
29 131
29 132
29 134
29 135
29 137
29 141
29 144
29 145
29 146
29 152
29 155
29 159
30 86
30 90
30 92
30 94
30 97
30 98
30 100
30 102
30 108
30 109
30 116
30 117
30 130
30 134
30 136
30 143
30 144
30 147
30 151
30 152
30 155
30 156
30 157
30 158
31 85
31 86
31 87
31 91
31 92
31 100
31 107
31 109
31 121
31 128
31 129
31 135
31 136
31 145
31 147
31 148
31 152
31 157
31 160
32 82
32 83
32 85
32 91
32 99
32 101
32 104
32 106
32 111
32 114
32 119
32 123
32 127
32 139
32 140
32 141
32 143
32 145
32 149
32 153
32 154
32 156
32 157
32 158
32 159
33 92
33 96
33 97
33 100
33 102
33 103
33 106
33 107
33 114
33 117
33 121
33 123
33 125
33 126
33 128
33 129
33 134
33 136
33 140
33 141
33 150
33 151
33 160
34 81
34 85
34 90
34 93
34 96
34 100
34 102
34 103
34 107
34 111
34 114
34 124
34 129
34 131
34 145
34 152
34 153
35 86
35 89
35 93
35 97
35 100
35 103
35 104
35 113
35 118
35 119
35 127
35 131
35 132
35 134
35 136
35 141
35 144
35 145
35 146
35 151
35 152
35 153
35 154
35 155
35 156
35 157
36 86
36 88
36 91
36 92
36 95
36 96
36 98
36 107
36 109
36 113
36 114
36 115
36 119
36 120
36 121
36 124
36 125
36 133
36 137
36 138
36 142
36 143
36 144
36 154
36 157
37 86
37 87
37 90
37 91
37 92
37 95
37 100
37 105
37 108
37 109
37 111
37 113
37 114
37 124
37 129
37 130
37 131
37 132
37 140
37 141
37 145
37 147
37 148
37 150
37 153
37 156
37 160
38 83
38 84
38 85
38 86
38 87
38 95
38 97
38 98
38 102
38 103
38 105
38 107
38 111
38 113
38 121
38 124
38 129
38 131
38 133
38 134
38 135
38 144
38 145
38 147
38 149
38 150
38 152
38 159
39 84
39 92
39 95
39 97
39 101
39 103
39 109
39 111
39 114
39 116
39 117
39 119
39 127
39 128
39 131
39 135
39 139
39 141
39 147
39 151
39 154
40 91
40 97
40 103
40 104
40 113
40 114
40 115
40 120
40 121
40 122
40 129
40 132
40 135
40 145
40 147
40 151
40 153
40 155
41 82
41 85
41 87
41 88
41 94
41 95
41 97
41 98
41 100
41 102
41 107
41 108
41 109
41 111
41 114
41 116
41 117
41 118
41 120
41 127
41 128
41 136
41 139
41 145
41 153
41 154
41 155
41 158
42 81
42 82
42 90
42 92
42 93
42 94
42 97
42 98
42 99
42 103
42 104
42 105
42 111
42 114
42 117
42 118
42 121
42 124
42 125
42 127
42 129
42 131
42 133
42 135
42 138
42 142
42 143
42 146
42 149
42 152
43 81
43 84
43 85
43 86
43 87
43 88
43 92
43 96
43 97
43 98
43 101
43 104
43 109
43 111
43 115
43 116
43 122
43 124
43 135
43 136
43 141
43 146
43 148
43 150
43 151
43 156
43 159
43 160
44 82
44 85
44 87
44 88
44 89
44 90
44 91
44 95
44 96
44 102
44 105
44 112
44 114
44 117
44 119
44 120
44 123
44 126
44 133
44 135
44 136
44 137
44 138
44 145
44 151
44 153
44 154
44 158
44 160
45 82
45 86
45 87
45 90
45 96
45 101
45 109
45 112
45 113
45 114
45 122
45 126
45 129
45 130
45 131
45 132
45 136
45 139
45 140
45 141
45 144
45 145
45 148
45 149
45 152
45 153
45 154
45 156
45 159
45 160
46 82
46 85
46 91
46 94
46 97
46 99
46 100
46 104
46 107
46 108
46 109
46 111
46 120
46 125
46 131
46 134
46 135
46 138
46 139
46 141
46 143
46 144
46 147
46 148
46 149
46 151
46 154
46 156
46 160
47 82
47 84
47 85
47 87
47 88
47 89
47 90
47 91
47 99
47 103
47 104
47 105
47 106
47 108
47 113
47 115
47 123
47 126
47 127
47 129
47 131
47 138
47 140
47 142
47 146
47 150
47 154
47 156
48 82
48 83
48 84
48 85
48 91
48 95
48 99
48 101
48 103
48 108
48 111
48 115
48 118
48 127
48 129
48 135
48 141
48 148
48 154
48 157
48 160
49 85
49 93
49 94
49 97
49 98
49 99
49 104
49 105
49 108
49 112
49 117
49 123
49 125
49 131
49 134
49 137
49 139
49 140
49 144
49 145
49 148
49 150
49 151
49 153
49 154
49 157
50 82
50 87
50 92
50 97
50 102
50 106
50 107
50 110
50 111
50 112
50 115
50 122
50 123
50 125
50 129
50 131
50 141
50 142
50 147
50 150
50 152
50 160
51 82
51 83
51 87
51 89
51 90
51 94
51 97
51 99
51 101
51 102
51 103
51 105
51 106
51 109
51 111
51 119
51 126
51 132
51 135
51 138
51 152
51 157
52 82
52 86
52 92
52 93
52 94
52 95
52 97
52 100
52 104
52 107
52 109
52 111
52 112
52 115
52 122
52 131
52 132
52 137
52 139
52 140
52 143
52 146
52 150
52 153
52 155
52 159
53 82
53 83
53 85
53 87
53 92
53 95
53 99
53 103
53 110
53 111
53 113
53 122
53 127
53 140
53 146
53 148
53 150
53 152
53 154
53 158
54 81
54 82
54 84
54 86
54 87
54 90
54 92
54 98
54 111
54 113
54 114
54 115
54 117
54 121
54 130
54 137
54 148
54 153
54 157
55 84
55 85
55 86
55 93
55 94
55 96
55 98
55 102
55 104
55 109
55 111
55 113
55 117
55 120
55 123
55 124
55 127
55 130
55 137
55 139
55 141
55 143
55 146
55 151
55 152
55 155
55 157
55 159
56 82
56 87
56 91
56 94
56 96
56 106
56 116
56 117
56 118
56 124
56 125
56 129
56 131
56 134
56 142
56 143
56 145
56 149
57 85
57 87
57 90
57 92
57 93
57 97
57 101
57 105
57 107
57 110
57 112
57 121
57 123
57 124
57 126
57 131
57 132
57 135
57 136
57 139
57 147
57 153
57 154
57 158
57 159
58 86
58 91
58 100
58 106
58 109
58 113
58 121
58 123
58 129
58 132
58 133
58 136
58 140
58 142
58 145
58 148
58 156
58 159
59 89
59 91
59 93
59 94
59 99
59 110
59 111
59 112
59 114
59 123
59 132
59 136
59 137
59 138
59 142
59 150
59 153
59 155
59 156
59 159
59 160
60 82
60 83
60 88
60 89
60 90
60 92
60 93
60 94
60 99
60 108
60 116
60 117
60 120
60 122
60 130
60 135
60 137
60 139
60 142
60 154
60 156
61 81
61 85
61 86
61 94
61 95
61 96
61 100
61 101
61 103
61 109
61 110
61 111
61 118
61 127
61 130
61 134
61 135
61 138
61 142
61 145
61 152
61 154
61 155
61 159
62 82
62 83
62 84
62 85
62 89
62 94
62 106
62 107
62 111
62 113
62 114
62 119
62 120
62 122
62 140
62 141
62 142
62 143
62 147
62 154
62 158
62 160
63 82
63 86
63 88
63 94
63 97
63 100
63 115
63 121
63 124
63 128
63 132
63 133
63 135
63 136
63 137
63 139
63 141
63 142
63 144
63 145
63 148
63 149
63 150
63 152
63 158
63 160
64 82
64 84
64 86
64 89
64 90
64 91
64 95
64 100
64 103
64 105
64 107
64 111
64 112
64 113
64 114
64 116
64 117
64 121
64 123
64 125
64 135
64 136
64 137
64 139
64 140
64 145
64 148
64 150
64 157
64 158
64 160
65 83
65 84
65 86
65 92
65 96
65 98
65 105
65 116
65 124
65 125
65 128
65 131
65 137
65 138
65 141
65 145
65 146
65 154
65 155
65 156
65 157
66 82
66 83
66 85
66 89
66 90
66 92
66 100
66 109
66 110
66 118
66 122
66 123
66 129
66 132
66 137
66 138
66 143
66 145
66 150
66 156
66 157
66 158
66 160
67 86
67 88
67 93
67 94
67 95
67 99
67 106
67 107
67 108
67 109
67 113
67 114
67 115
67 122
67 124
67 127
67 130
67 133
67 136
67 138
67 148
67 149
67 150
67 156
67 159
67 160
68 92
68 96
68 102
68 106
68 113
68 114
68 115
68 117
68 119
68 121
68 122
68 124
68 127
68 135
68 136
68 138
68 150
68 152
69 83
69 91
69 96
69 100
69 101
69 102
69 105
69 110
69 112
69 115
69 124
69 129
69 142
69 145
69 147
70 81
70 82
70 83
70 84
70 87
70 92
70 93
70 97
70 98
70 100
70 103
70 105
70 109
70 111
70 117
70 121
70 127
70 128
70 130
70 135
70 138
70 139
70 143
70 144
70 145
70 150
70 151
70 157
70 158
71 81
71 85
71 92
71 95
71 103
71 107
71 108
71 109
71 113
71 122
71 127
71 134
71 138
71 139
71 141
71 145
71 146
71 148
71 155
72 83
72 86
72 89
72 94
72 96
72 100
72 110
72 114
72 116
72 122
72 124
72 125
72 128
72 131
72 136
72 141
72 145
72 150
72 152
73 84
73 87
73 90
73 91
73 92
73 95
73 98
73 100
73 103
73 105
73 107
73 109
73 118
73 122
73 123
73 127
73 129
73 130
73 133
73 135
73 137
73 140
73 141
73 142
73 143
73 144
73 146
73 148
73 151
73 152
74 84
74 85
74 88
74 93
74 94
74 96
74 105
74 107
74 113
74 114
74 117
74 118
74 120
74 121
74 128
74 129
74 133
74 134
74 136
74 139
74 142
74 145
74 148
74 153
74 154
74 155
74 158
75 82
75 85
75 88
75 90
75 92
75 95
75 99
75 106
75 108
75 112
75 114
75 118
75 122
75 133
75 136
75 153
75 157
75 158
75 160
76 84
76 86
76 87
76 88
76 105
76 106
76 110
76 113
76 114
76 115
76 117
76 118
76 119
76 120
76 121
76 125
76 127
76 128
76 132
76 134
76 136
76 137
76 138
76 139
76 140
76 143
76 147
76 148
76 155
77 83
77 84
77 88
77 89
77 92
77 98
77 103
77 105
77 111
77 114
77 115
77 116
77 118
77 127
77 129
77 132
77 134
77 135
77 136
77 139
77 140
77 141
77 150
77 151
77 152
77 153
78 88
78 94
78 97
78 98
78 101
78 105
78 107
78 109
78 117
78 123
78 129
78 131
78 135
78 141
78 142
78 145
78 148
78 149
78 152
78 153
78 155
78 156
79 81
79 83
79 86
79 89
79 94
79 96
79 97
79 100
79 105
79 108
79 115
79 116
79 117
79 120
79 121
79 122
79 127
79 128
79 136
79 139
79 140
79 148
79 153
79 158
80 82
80 83
80 86
80 87
80 91
80 92
80 95
80 96
80 106
80 110
80 117
80 118
80 121
80 127
80 129
80 131
80 133
80 134
80 136
80 138
80 142
80 147
80 148
80 153
80 156
80 157
